Starting Dynare (version 4.5.4).
Starting preprocessing of the model file ...
Substitution of exo lags: added 2 auxiliary variables and equations.
Found 31 equation(s).
Evaluating expressions...done
Computing static model derivatives:
 - order 1
Computing dynamic model derivatives:
 - order 1
 - order 2
Processing outputs ...
done
Preprocessing completed.

You did not declare endogenous variables after the estimation/calib_smoother command.
Initial value of the log posterior (or likelihood): -330.0764

                                Max     Line search  Directional  First-order 
 Iter F-count        f(x)   constraint   steplength   derivative   optimality Procedure 
    0     32      330.076     -0.06111                                         
    1     66      309.255     -0.08925         0.25         -420     1.23e+03   
    2    100       256.82     -0.06694         0.25         -196          803   
    3    136      248.577     -0.06275       0.0625         -103          292   
    4    172      232.569     -0.05883       0.0625        -28.8         48.8   
    5    206       211.93     -0.04412         0.25        -19.5          169   
    6    240      208.632     -0.03309         0.25        -24.5          640   
    7    275      194.438     -0.02896        0.125        -28.4          916   
    8    313      186.458      -0.0285       0.0156         -242          248   
    9    350      182.074     -0.04143       0.0313        -54.7          181   
   10    385      175.253     -0.07356        0.125        -28.7          119   
   11    421      173.055      -0.0727       0.0625        -16.5         86.2   
   12    456      166.856     -0.07132        0.125        -16.9         91.9   
   13    492      166.597     -0.06928       0.0625        -20.3         50.2   
   14    528       164.39     -0.06597       0.0625        -18.2         64.2   
   15    564      163.221     -0.06185       0.0625         -9.2         59.7   
   16    600      162.102     -0.05799       0.0625        -10.4         52.4   
   17    635      161.108     -0.05074        0.125        -6.56         35.6   
   18    671      160.447     -0.04757       0.0625        -7.34         74.7   
   19    708       160.12     -0.04608       0.0313        -6.58         94.3   
   20    744      159.888      -0.0432       0.0625        -5.02         86.4   
   21    780      159.487      -0.0405       0.0625        -2.61         83.5   
   22    816      159.321     -0.03797       0.0625        -2.66         40.5   
   23    852      159.129      -0.0356       0.0625        -3.73         30.4   
   24    889      159.124     -0.04449       0.0313        -2.12         16.9   
   25    925      158.883     -0.04171       0.0625        -2.04         17.9   
   26    961      158.683     -0.04874       0.0625        -2.29         12.8   
   27    998      158.485     -0.04806       0.0313        -3.43         17.1   
   28   1034      158.422     -0.05327       0.0625        -3.25         24.4   
   29   1070      158.276      -0.0516       0.0625        -2.07         28.1   
   30   1106      158.046     -0.04837       0.0625        -4.73         36.1   
   31   1142      157.842     -0.04535       0.0625        -3.48         51.2   
   32   1178      157.816     -0.04252       0.0625        -2.51         52.4   
   33   1215      157.756     -0.04119       0.0313        -1.31         47.2   
   34   1252      157.667     -0.04917       0.0313        -2.28         34.9   
   35   1289      157.629     -0.04939       0.0313       -0.827           32   
   36   1325      157.581     -0.04892       0.0625        -2.05         30.5   
   37   1360      157.558     -0.04281        0.125        -1.63         18.9   
   38   1396      157.534     -0.04013       0.0625       -0.693         22.5   
   39   1432      157.497     -0.04007       0.0625        -1.15         24.8   
   40   1468      157.201     -0.04848       0.0625        -3.77           11   
   41   1503      157.201     -0.04824        0.125       -0.686         8.68   
   42   1538      157.196     -0.04315        0.125        -1.08         26.1   
   43   1570      157.041     -0.04481            1        -2.18         1.85   
   44   1602      157.031     -0.04525            1       -0.549         1.15   
   45   1634      157.028     -0.04527            1       -0.172        0.583   
   46   1666      157.028     -0.04508            1      -0.0712        0.367   
   47   1698      157.028     -0.04512            1      -0.0465        0.189   
   48   1730      157.028     -0.04514            1     -0.00839       0.0922  Hessian modified  
   49   1762      157.028     -0.04514            1     -0.00282       0.0276  Hessian modified  
   50   1794      157.028     -0.04514            1     -0.00187      0.00859  Hessian modified  
   51   1826      157.028     -0.04514            1     -0.00203       0.0047  Hessian modified  

<a href = "matlab: helpview([docroot '/toolbox/optim/msg_csh/optim_msg_csh.map'],'local_min_poss_with_constr','CSHelpWindow');">Local minimum possible. Constraints satisfied</a>.

fmincon stopped because the <a href = "matlab: helpview([docroot '/toolbox/optim/msg_csh/optim_msg_csh.map'],'pred_change','CSHelpWindow');">predicted change in the objective function</a>
is less than the selected value of the <a href = "matlab: helpview([docroot '/toolbox/optim/msg_csh/optim_msg_csh.map'],'function_tolerance','CSHelpWindow');">function tolerance</a> and constraints 
are satisfied to within the default value of the <a href = "matlab: helpview([docroot '/toolbox/optim/msg_csh/optim_msg_csh.map'],'constraint_tolerance','CSHelpWindow');">constraint tolerance</a>.

<<a href = "matlab: createExitMsg('nlconst',5.000000e+00,true,true,'fmincon',3.046346e-09,'selected',1.000000e-08,-4.513713e-02,'default',1.000000e-06,0.000000e+00,'',0.000000e+00);">stopping criteria details</a>>

No active inequalities.

Final value of minus the log posterior (or likelihood):157.027592 

RESULTS FROM POSTERIOR ESTIMATION
parameters
         prior mean     mode    s.d. prior pstdev

phi          4.000   4.2989  1.2593 norm  1.5000 
sigma_c      1.500   1.4448  0.0755 norm  0.3750 
lambda       0.700   0.7724  0.0656 beta  0.1000 
xi_w         0.750   0.7754  0.0451 beta  0.0500 
sigma_l      2.000   1.9101  0.5013 norm  0.5000 
xi_p         0.750   0.7578  0.0415 beta  0.0500 
psi          0.500   0.5224  0.1399 beta  0.1500 
phi_p        1.250   1.3329  0.0842 norm  0.1250 
r_pi         1.500   1.4762  0.2368 norm  0.2500 
rho          0.750   0.8635  0.0376 beta  0.1000 
r_y          0.125   0.0545  0.0367 norm  0.0500 
r_dy         0.125   0.0461  0.0209 norm  0.0500 
pi_bar       0.625   0.6037  0.0851 gamm  0.1000 
beta_const   0.250   0.1969  0.0800 gamm  0.1000 
l_bar        0.000   0.4319  1.6049 norm  2.0000 
gamma_bar    0.400   0.4078  0.0187 norm  0.1000 
alpha        0.300   0.2072  0.0294 norm  0.0500 
rho_a        0.500   0.7819  0.0867 beta  0.2000 
rho_b        0.500   0.1917  0.1151 beta  0.2000 
rho_g        0.500   0.9254  0.0463 beta  0.2000 
rho_i        0.500   0.1943  0.1235 beta  0.2000 
rho_r        0.500   0.5621  0.1056 beta  0.2000 
rho_p        0.500   0.0642  0.0482 beta  0.2000 
rho_w        0.500   0.5347  0.1070 beta  0.2000 

standard deviation of shocks
         prior mean     mode    s.d. prior pstdev

eta_a        0.100   0.2787  0.0275 invg  2.0000 
eta_b        0.100   0.5326  0.0559 invg  2.0000 
eta_g        0.100   0.3643  0.0349 invg  2.0000 
eta_i        0.100   1.1057  0.1176 invg  2.0000 
eta_r        0.100   0.0805  0.0076 invg  2.0000 
eta_p        0.100   0.1666  0.0157 invg  2.0000 
eta_w        0.100   0.5599  0.0519 invg  2.0000 


Log data density [Laplace approximation] is -212.759667.


MODEL SUMMARY

  Number of variables:         31
  Number of stochastic shocks: 7
  Number of state variables:   20
  Number of jumpers:           0
  Number of static variables:  11


MATRIX OF COVARIANCE OF EXOGENOUS SHOCKS
Variables       eta_a     eta_b     eta_g     eta_i     eta_r     eta_p     eta_w
eta_a        0.077652  0.000000  0.000000  0.000000  0.000000  0.000000  0.000000
eta_b        0.000000  0.283699  0.000000  0.000000  0.000000  0.000000  0.000000
eta_g        0.000000  0.000000  0.132746  0.000000  0.000000  0.000000  0.000000
eta_i        0.000000  0.000000  0.000000  1.222569  0.000000  0.000000  0.000000
eta_r        0.000000  0.000000  0.000000  0.000000  0.006474  0.000000  0.000000
eta_p        0.000000  0.000000  0.000000  0.000000  0.000000  0.027763  0.000000
eta_w        0.000000  0.000000  0.000000  0.000000  0.000000  0.000000  0.313492

POLICY AND TRANSITION FUNCTIONS
                              labobs            robs         pinfobs              dy              dc           dinve              dw              mc            zcap              rk             k_s               q               c               i               y               l            pinf               w               r       outputGap           eps_a           eps_b           eps_g           eps_i           eps_r           eps_p           eps_w               k              dx
Constant                    0.431881        1.396249        0.603670        0.407815        0.407815        0.407815        0.407815               0               0               0               0               0               0               0               0               0               0               0               0               0               0               0               0               0               0               0               0               0               0
rk(-1)                      0.000558        0.000036        0.000001        0.000664        0.000077        0.003050        0.000007        0.000067        0.000270        0.000295        0.000270        0.026387        0.000077        0.003050        0.000664        0.000558        0.000001        0.000007        0.000036        0.000664               0               0               0               0               0               0               0        0.000088        0.000664
q(-1)                       0.016546        0.001062        0.000036        0.019693        0.002294        0.090445        0.000210        0.001980        0.008002        0.008753        0.008002        0.782514        0.002294        0.090445        0.019693        0.016546        0.000036        0.000210        0.001062        0.019693               0               0               0               0               0               0               0        0.002619        0.019693
c(-1)                       0.566494        0.036407        0.001274        0.674657       -0.028853       -0.004208        0.010080        0.070403        0.275369        0.301205        0.275369       -0.036407        0.971147       -0.004208        0.674657        0.566494        0.001274        0.010080        0.036407        0.674657               0               0               0               0               0               0               0       -0.000122        0.674657
i(-1)                       0.165364        0.010619        0.000358        0.196826        0.022925       -0.096048        0.002095        0.019788        0.079978        0.087481        0.079978       -0.010619        0.022925        0.903952        0.196826        0.165364        0.000358        0.002095        0.010619        0.196826               0               0               0               0               0               0               0        0.026178        0.196826
y(-1)                       0.003614       -0.045904        0.000009       -0.995686        0.004665        0.005306        0.000144        0.000521        0.001795        0.001963        0.001795        0.045904        0.004665        0.005306        0.004314        0.003614        0.000009        0.000144       -0.045904        0.004314               0               0               0               0               0               0               0        0.000154        0.004314
pinf(-1)                    0.050707        0.165894        0.807078        0.060536        0.065450        0.074447        0.002018        0.007307        0.025181        0.027544        0.025181        0.644106        0.065450        0.074447        0.060536        0.050707        0.807078        0.002018        0.165894        0.060536               0               0               0               0               0               0               0        0.002156        0.060536
w(-1)                      -0.030048        0.007316        0.014493        0.082018       -0.005000       -0.000846       -0.107430        0.800988        0.411937        0.450585        0.411937       -0.007316       -0.005000       -0.000846        0.082018       -0.030048        0.014493        0.892570        0.007316        0.082018               0               0               0               0               0               0               0       -0.000024        0.082018
r(-1)                      -0.067634        0.859121       -0.000176       -0.080744       -0.087299       -0.099299       -0.002691       -0.009746       -0.033587       -0.036738       -0.033587       -0.859121       -0.087299       -0.099299       -0.080744       -0.067634       -0.000176       -0.002691        0.859121       -0.080744               0               0               0               0               0               0               0       -0.002876       -0.080744
outputGap(-1)                      0               0               0               0               0               0               0               0               0               0               0               0               0               0               0               0               0               0               0               0               0               0               0               0               0               0               0               0       -1.000000
eps_a(-1)                  -1.043720       -0.008307       -0.016296       -0.199249       -0.149995        0.000960       -0.006356       -0.900587       -0.501512       -0.548564       -0.501512        0.008307       -0.149995        0.000960       -0.199249       -1.043720       -0.016296       -0.006356       -0.008307       -1.241390        0.781881               0               0               0               0               0               0        0.000028       -1.241390
eps_b(-1)                   0.166377        0.010731        0.000434        0.198627        0.214753        0.244273        0.006620        0.023975        0.082623        0.090375        0.082623        2.113410        0.214753        0.244273        0.198627        0.166377        0.000434        0.006620        0.010731        0.198627               0        0.191691               0               0               0               0               0        0.007074        0.198627
eps_g(-1)                   0.922539        0.059240        0.001997        1.098060        0.127896       -0.006847        0.011688        0.110392        0.446183        0.488044        0.446183       -0.059240        0.127896       -0.006847        1.098060        0.922539        0.001997        0.011688        0.059240        1.098060               0               0        0.925426               0               0               0               0       -0.000198        1.098060
eps_i(-1)                   0.035496        0.002279        0.000077        0.042249        0.004921        0.194034        0.000450        0.004247        0.017167        0.018778        0.017167       -0.002279        0.004921        0.194034        0.042249        0.035496        0.000077        0.000450        0.002279        0.042249               0               0               0        0.194297               0               0               0        0.030006        0.042249
eps_r(-1)                  -0.044026        0.559243       -0.000115       -0.052560       -0.056827       -0.064639       -0.001752       -0.006344       -0.021863       -0.023915       -0.021863       -0.559243       -0.056827       -0.064639       -0.052560       -0.044026       -0.000115       -0.001752        0.559243       -0.052560               0               0               0               0        0.562082               0               0       -0.001872       -0.052560
eps_p(-1)                   0.000054        0.012617        0.063701       -0.004125       -0.001131       -0.001458       -0.031762       -0.028613       -0.015144       -0.016564       -0.015144       -0.012617       -0.001131       -0.001458       -0.004125        0.000054        0.063701       -0.031762        0.012617       -0.004125               0               0               0               0               0        0.064219               0       -0.000042       -0.004125
eps_w(-1)                  -0.017749        0.004321        0.008561        0.048447       -0.002953       -0.000499        0.527232        0.473135        0.243327        0.266156        0.243327       -0.004321       -0.002953       -0.000499        0.048447       -0.017749        0.008561        0.527232        0.004321        0.048447               0               0               0               0               0               0        0.534680       -0.000014        0.048447
k(-1)                      -0.243087       -0.008264       -0.002469       -0.144934       -0.034363        0.000955       -0.002127       -0.136476       -0.594709       -0.650505        0.405291        0.008264       -0.034363        0.000955       -0.144934       -0.243087       -0.002469       -0.002127       -0.008264       -0.144934               0               0               0               0               0               0               0        0.971068       -0.144934
eta_a                      -1.328723       -0.088877       -0.020825       -0.247478       -0.183887        0.010273       -0.007884       -1.150933       -0.638358       -0.698249       -0.638358        0.088877       -0.183887        0.010273       -0.247478       -1.328723       -0.020825       -0.007884       -0.088877       -1.580343        1.000000               0               0               0               0               0               0        0.000297       -1.580343
eta_b                       0.867944        0.055978        0.002263        1.036183        1.120306        1.274306        0.034537        0.125071        0.431021        0.471460        0.431021       11.025067        1.120306        1.274306        1.036183        0.867944        0.002263        0.034537        0.055978        1.036183               0        1.000000               0               0               0               0               0        0.036904        1.036183
eta_g                       0.996881        0.064014        0.002158        1.186546        0.138203       -0.007399        0.012630        0.119288        0.482138        0.527373        0.482138       -0.064014        0.138203       -0.007399        1.186546        0.996881        0.002158        0.012630        0.064014        1.186546               0               0        1.000000               0               0               0               0       -0.000214        1.186546
eta_i                       0.182687        0.011731        0.000396        0.217444        0.025327        0.998644        0.002314        0.021861        0.088356        0.096645        0.088356       -0.011731        0.025327        0.998644        0.217444        0.182687        0.000396        0.002314        0.011731        0.217444               0               0               0        1.000000               0               0               0        0.154436        0.217444
eta_r                      -0.078327        0.994948       -0.000204       -0.093510       -0.101101       -0.114999       -0.003117       -0.011287       -0.038897       -0.042547       -0.038897       -0.994948       -0.101101       -0.114999       -0.093510       -0.078327       -0.000204       -0.003117        0.994948       -0.093510               0               0               0               0        1.000000               0               0       -0.003330       -0.093510
eta_p                       0.000844        0.196463        0.991938       -0.064235       -0.017608       -0.022708       -0.494594       -0.445557       -0.235813       -0.257937       -0.235813       -0.196463       -0.017608       -0.022708       -0.064235        0.000844        0.991938       -0.494594        0.196463       -0.064235               0               0               0               0               0        1.000000               0       -0.000658       -0.064235
eta_w                      -0.033195        0.008082        0.016012        0.090609       -0.005524       -0.000934        0.986070        0.884894        0.455089        0.497786        0.455089       -0.008082       -0.005524       -0.000934        0.090609       -0.033195        0.016012        0.986070        0.008082        0.090609               0               0               0               0               0               0        1.000000       -0.000027        0.090609


THEORETICAL MOMENTS
VARIABLE          MEAN  STD. DEV.   VARIANCE
labobs          0.4319     3.9962    15.9695
robs            1.3962     0.5856     0.3429
pinfobs         0.6037     0.3476     0.1209
dy              0.4078     0.8114     0.6584
dc              0.4078     0.6524     0.4256
dinve           0.4078     1.6101     2.5924
dw              0.4078     0.6405     0.4103
mc              0.0000     2.3906     5.7148
zcap            0.0000     2.7376     7.4942
rk              0.0000     2.9944     8.9664
k_s             0.0000     3.7168    13.8148
q               0.0000    11.1013   123.2380
c               0.0000     5.2097    27.1408
i               0.0000     7.9314    62.9078
y               0.0000     4.9421    24.4248
l               0.0000     3.9962    15.9695
pinf            0.0000     0.3476     0.1209
w               0.0000     2.4995     6.2476
r               0.0000     0.5856     0.3429
outputGap       0.0000     5.0118    25.1181
eps_a           0.0000     0.4470     0.1998
eps_b           0.0000     0.5427     0.2945
eps_g           0.0000     0.9615     0.9245
eps_i           0.0000     1.1272     1.2705
eps_r           0.0000     0.0973     0.0095
eps_p           0.0000     0.1670     0.0279
eps_w           0.0000     0.6626     0.4390
k               0.0000     4.3647    19.0509
dx              0.0000     0.9264     0.8582



VARIANCE DECOMPOSITION (in percent)
              eta_a   eta_b   eta_g   eta_i   eta_r   eta_p   eta_w
labobs         4.68   63.57   23.38    5.78    1.65    0.29    0.65
robs           2.86   22.14    9.31    2.81   28.04   20.78   14.06
pinfobs        1.29    1.87    1.56    0.84    0.05   69.23   25.15
dy             0.87   59.96   28.71    9.44    0.35    0.09    0.59
dc             1.47   93.97    2.97    0.93    0.47    0.11    0.08
dinve          0.01   49.13    0.02   50.36    0.37    0.08    0.03
dw             0.01    0.26    0.03    0.01    0.00    1.74   97.94
mc             5.54    5.12    3.91    2.05    0.14    0.58   82.67
zcap           3.23   38.74   18.78   21.87    1.05    0.33   16.00
rk             3.23   38.74   18.78   21.87    1.05    0.33   16.00
k_s            1.21   72.91    6.07    8.14    2.17    0.48    9.02
q              0.05   98.12    0.20    0.06    1.20    0.25    0.12
c              2.74   70.65   19.02    4.44    2.00    0.35    0.81
i              0.11   81.79    0.53   15.03    1.94    0.38    0.21
y              1.46   69.42   21.48    4.83    1.85    0.34    0.63
l              4.68   63.57   23.38    5.78    1.65    0.29    0.65
pinf           1.29    1.87    1.56    0.84    0.05   69.23   25.15
w              0.11    3.30    1.11    0.24    0.10    0.64   94.51
r              2.86   22.14    9.31    2.81   28.04   20.78   14.06
outputGap      4.18   67.50   20.89    4.70    1.80    0.33    0.61
eps_a        100.00    0.00    0.00    0.00    0.00    0.00    0.00
eps_b          0.00  100.00    0.00    0.00    0.00    0.00    0.00
eps_g          0.00    0.00  100.00    0.00    0.00    0.00    0.00
eps_i          0.00    0.00    0.00  100.00    0.00    0.00    0.00
eps_r          0.00    0.00    0.00    0.00  100.00    0.00    0.00
eps_p          0.00    0.00    0.00    0.00    0.00  100.00    0.00
eps_w          0.00    0.00    0.00    0.00    0.00    0.00  100.00
k              0.22   71.76    1.21   23.87    2.26    0.42    0.25
dx            23.94   46.00   22.02    7.24    0.27    0.07    0.45



MATRIX OF CORRELATIONS
Variables       labobs       robs    pinfobs         dy         dc      dinve         dw         mc       zcap         rk        k_s          q          c          i          y          l       pinf          w          r  outputGap      eps_a      eps_b      eps_g      eps_i      eps_r      eps_p      eps_w          k         dx
labobs          1.0000     0.5333     0.1736     0.1219     0.1903     0.0658     0.0327     0.3081     0.5689     0.5689     0.7190     0.4381     0.9376     0.7113     0.9815     1.0000     0.1736     0.1519     0.5333     0.9898    -0.1848     0.1514     0.3991     0.0610    -0.0097     0.0001    -0.0113     0.2875     0.1212
robs            0.5333     1.0000     0.5660    -0.0246     0.0114    -0.0396    -0.0667     0.4024     0.3952     0.3952     0.4817     0.1218     0.5363     0.3257     0.5426     0.5333     0.5660     0.3371     1.0000     0.5480    -0.1093     0.0670     0.2132     0.0274     0.3184     0.0626     0.0330     0.1757    -0.0195
pinfobs         0.1736     0.5660     1.0000    -0.0252    -0.0011    -0.0156    -0.1290     0.4366     0.3086     0.3086     0.2156     0.0231     0.1716     0.0720     0.1838     0.1736     1.0000     0.4128     0.5660     0.1904    -0.0769     0.0054     0.0619     0.0016    -0.0005     0.5022     0.1026    -0.0058    -0.0274
dy              0.1219    -0.0246    -0.0252     1.0000     0.8019     0.7047     0.1110     0.0450     0.2146     0.2146    -0.0620     0.6007    -0.0091     0.1003     0.0821     0.1219    -0.0252    -0.0302    -0.0246     0.0900    -0.0763     0.7204     0.1751     0.2943    -0.0253    -0.0126     0.0638    -0.1672     0.9058
dc              0.1903     0.0114    -0.0011     0.8019     1.0000     0.5505     0.0412     0.0569     0.2554     0.2554    -0.0260     0.6688     0.0626     0.1497     0.1436     0.1903    -0.0011    -0.0369     0.0114     0.1550    -0.1133     0.9366     0.1449     0.0504    -0.0302    -0.0037    -0.0094    -0.1675     0.7223
dinve           0.0658    -0.0396    -0.0156     0.7047     0.5505     1.0000     0.0282     0.0244     0.1955     0.1955    -0.1074     0.5952    -0.0234     0.1015     0.0346     0.0658    -0.0156    -0.0306    -0.0396     0.0335     0.0054     0.4938    -0.0103     0.6831    -0.0214    -0.0021     0.0006    -0.1804     0.6173
dw              0.0327    -0.0667    -0.1290     0.1110     0.0412     0.0282     1.0000     0.1303     0.0879     0.0879     0.0505     0.0454     0.0232     0.0300     0.0375     0.0327    -0.1290     0.1281    -0.0667     0.0378    -0.0069     0.0318     0.0158     0.0048    -0.0013    -0.1280     0.9079    -0.0101     0.0977
mc              0.3081     0.4024     0.4366     0.0450     0.0569     0.0244     0.1303     1.0000     0.6603     0.6603     0.4369     0.1019     0.2746     0.1423     0.3265     0.3081     0.4366     0.9481     0.4024     0.3491    -0.2282     0.0366     0.1260     0.0105    -0.0024    -0.0330     0.4690    -0.0331     0.0672
zcap            0.5689     0.3952     0.3086     0.2146     0.2554     0.1955     0.0879     0.6603     1.0000     1.0000     0.1110     0.2855     0.4024     0.1614     0.4931     0.5689     0.3086     0.4535     0.3952     0.5020    -0.1330     0.1087     0.3122     0.0356    -0.0066    -0.0152     0.2101    -0.5076     0.1974
rk              0.5689     0.3952     0.3086     0.2146     0.2554     0.1955     0.0879     0.6603     1.0000     1.0000     0.1110     0.2855     0.4024     0.1614     0.4931     0.5689     0.3086     0.4535     0.3952     0.5020    -0.1330     0.1087     0.3122     0.0356    -0.0066    -0.0152     0.2101    -0.5076     0.1974
k_s             0.7190     0.4817     0.2156    -0.0620    -0.0260    -0.1074     0.0505     0.4369     0.1110     0.1110     1.0000     0.2650     0.8121     0.7170     0.8103     0.7190     0.2156     0.4704     0.4817     0.8106    -0.0970     0.0819     0.2141     0.0379    -0.0056    -0.0112     0.1548     0.7983    -0.0472
q               0.4381     0.1218     0.0231     0.6007     0.6688     0.5952     0.0454     0.1019     0.2855     0.2855     0.2650     1.0000     0.3596     0.5502     0.4305     0.4381     0.0231     0.0356     0.1218     0.4234     0.0090     0.6335    -0.0281    -0.0016    -0.0301    -0.0026     0.0008     0.0742     0.5266
c               0.9376     0.5363     0.1716    -0.0091     0.0626    -0.0234     0.0232     0.2746     0.4024     0.4024     0.8121     0.3596     1.0000     0.6706     0.9620     0.9376     0.1716     0.1906     0.5363     0.9563    -0.0651     0.1451     0.2434     0.0078    -0.0086    -0.0005    -0.0025     0.4620    -0.0146
i               0.7113     0.3257     0.0720     0.1003     0.1497     0.1015     0.0300     0.1423     0.1614     0.1614     0.7170     0.5502     0.6706     1.0000     0.7573     0.7113     0.0720     0.1223     0.3257     0.7462     0.0050     0.1240    -0.0280     0.1721    -0.0099    -0.0005     0.0002     0.5527     0.0886
y               0.9815     0.5426     0.1838     0.0821     0.1436     0.0346     0.0375     0.3265     0.4931     0.4931     0.8103     0.4305     0.9620     0.7573     1.0000     0.9815     0.1838     0.2265     0.5426     0.9929    -0.0575     0.1463     0.3855     0.0600    -0.0095    -0.0022     0.0225     0.4116     0.0688
l               1.0000     0.5333     0.1736     0.1219     0.1903     0.0658     0.0327     0.3081     0.5689     0.5689     0.7190     0.4381     0.9376     0.7113     0.9815     1.0000     0.1736     0.1519     0.5333     0.9898    -0.1848     0.1514     0.3991     0.0610    -0.0097     0.0001    -0.0113     0.2875     0.1212
pinf            0.1736     0.5660     1.0000    -0.0252    -0.0011    -0.0156    -0.1290     0.4366     0.3086     0.3086     0.2156     0.0231     0.1716     0.0720     0.1838     0.1736     1.0000     0.4128     0.5660     0.1904    -0.0769     0.0054     0.0619     0.0016    -0.0005     0.5022     0.1026    -0.0058    -0.0274
w               0.1519     0.3371     0.4128    -0.0302    -0.0369    -0.0306     0.1281     0.9481     0.4535     0.4535     0.4704     0.0356     0.1906     0.1223     0.2265     0.1519     0.4128     1.0000     0.3371     0.2243    -0.0081     0.0101     0.0542     0.0015    -0.0008    -0.0350     0.5000     0.1193    -0.0274
r               0.5333     1.0000     0.5660    -0.0246     0.0114    -0.0396    -0.0667     0.4024     0.3952     0.3952     0.4817     0.1218     0.5363     0.3257     0.5426     0.5333     0.5660     0.3371     1.0000     0.5480    -0.1093     0.0670     0.2132     0.0274     0.3184     0.0626     0.0330     0.1757    -0.0195
outputGap       0.9898     0.5480     0.1904     0.0900     0.1550     0.0335     0.0378     0.3491     0.5020     0.5020     0.8106     0.4234     0.9563     0.7462     0.9929     0.9898     0.1904     0.2243     0.5480     1.0000    -0.1755     0.1443     0.3801     0.0591    -0.0093    -0.0022     0.0222     0.4057     0.0924
eps_a          -0.1848    -0.1093    -0.0769    -0.0763    -0.1133     0.0054    -0.0069    -0.2282    -0.1330    -0.1330    -0.0970     0.0090    -0.0651     0.0050    -0.0575    -0.1848    -0.0769    -0.0081    -0.1093    -0.1755     1.0000     0.0000     0.0000     0.0000     0.0000     0.0000     0.0000     0.0011    -0.2071
eps_b           0.1514     0.0670     0.0054     0.7204     0.9366     0.4938     0.0318     0.0366     0.1087     0.1087     0.0819     0.6335     0.1451     0.1240     0.1463     0.1514     0.0054     0.0101     0.0670     0.1443     0.0000     1.0000     0.0000     0.0000     0.0000     0.0000     0.0000     0.0080     0.6310
eps_g           0.3991     0.2132     0.0619     0.1751     0.1449    -0.0103     0.0158     0.1260     0.3122     0.3122     0.2141    -0.0281     0.2434    -0.0280     0.3855     0.3991     0.0619     0.0542     0.2132     0.3801     0.0000     0.0000     1.0000     0.0000     0.0000     0.0000     0.0000    -0.0146     0.1534
eps_i           0.0610     0.0274     0.0016     0.2943     0.0504     0.6831     0.0048     0.0105     0.0356     0.0356     0.0379    -0.0016     0.0078     0.1721     0.0600     0.0610     0.0016     0.0015     0.0274     0.0591     0.0000     0.0000     0.0000     1.0000     0.0000     0.0000     0.0000     0.0511     0.2578
eps_r          -0.0097     0.3184    -0.0005    -0.0253    -0.0302    -0.0214    -0.0013    -0.0024    -0.0066    -0.0066    -0.0056    -0.0301    -0.0086    -0.0099    -0.0095    -0.0097    -0.0005    -0.0008     0.3184    -0.0093     0.0000     0.0000     0.0000     0.0000     1.0000     0.0000     0.0000    -0.0011    -0.0221
eps_p           0.0001     0.0626     0.5022    -0.0126    -0.0037    -0.0021    -0.1280    -0.0330    -0.0152    -0.0152    -0.0112    -0.0026    -0.0005    -0.0005    -0.0022     0.0001     0.5022    -0.0350     0.0626    -0.0022     0.0000     0.0000     0.0000     0.0000     0.0000     1.0000     0.0000    -0.0000    -0.0110
eps_w          -0.0113     0.0330     0.1026     0.0638    -0.0094     0.0006     0.9079     0.4690     0.2101     0.2101     0.1548     0.0008    -0.0025     0.0002     0.0225    -0.0113     0.1026     0.5000     0.0330     0.0222     0.0000     0.0000     0.0000     0.0000     0.0000     0.0000     1.0000     0.0000     0.0558
k               0.2875     0.1757    -0.0058    -0.1672    -0.1675    -0.1804    -0.0101    -0.0331    -0.5076    -0.5076     0.7983     0.0742     0.4620     0.5527     0.4116     0.2875    -0.0058     0.1193     0.1757     0.4057     0.0011     0.0080    -0.0146     0.0511    -0.0011    -0.0000     0.0000     1.0000    -0.1462
dx              0.1212    -0.0195    -0.0274     0.9058     0.7223     0.6173     0.0977     0.0672     0.1974     0.1974    -0.0472     0.5266    -0.0146     0.0886     0.0688     0.1212    -0.0274    -0.0274    -0.0195     0.0924    -0.2071     0.6310     0.1534     0.2578    -0.0221    -0.0110     0.0558    -0.1462     1.0000



COEFFICIENTS OF AUTOCORRELATION
Order             1       2       3       4       5       6       7       8       9      10
labobs       0.9812  0.9553  0.9253  0.8927  0.8582  0.8227  0.7866  0.7504  0.7144  0.6790
robs         0.9796  0.9399  0.8905  0.8369  0.7823  0.7286  0.6768  0.6274  0.5807  0.5369
pinfobs      0.8730  0.7520  0.6495  0.5628  0.4892  0.4266  0.3731  0.3271  0.2876  0.2535
dy           0.2935  0.1783  0.1238  0.0875  0.0599  0.0382  0.0208  0.0068 -0.0043 -0.0132
dc           0.3039  0.1730  0.1451  0.1331  0.1217  0.1089  0.0951  0.0809  0.0667  0.0529
dinve        0.4595  0.2601  0.1507  0.0770  0.0242 -0.0138 -0.0407 -0.0592 -0.0713 -0.0786
dw           0.4460  0.1668  0.0257 -0.0429 -0.0734 -0.0844 -0.0854 -0.0816 -0.0758 -0.0693
mc           0.9604  0.8969  0.8251  0.7530  0.6843  0.6206  0.5623  0.5095  0.4617  0.4186
zcap         0.9837  0.9586  0.9291  0.8977  0.8658  0.8343  0.8036  0.7739  0.7454  0.7183
rk           0.9837  0.9586  0.9291  0.8977  0.8658  0.8343  0.8036  0.7739  0.7454  0.7183
k_s          0.9908  0.9746  0.9545  0.9318  0.9073  0.8816  0.8548  0.8273  0.7993  0.7710
q            0.8439  0.6675  0.5184  0.3989  0.3044  0.2298  0.1711  0.1248  0.0884  0.0597
c            0.9922  0.9796  0.9642  0.9466  0.9270  0.9054  0.8821  0.8573  0.8312  0.8041
i            0.9794  0.9399  0.8896  0.8331  0.7735  0.7129  0.6528  0.5944  0.5384  0.4854
y            0.9865  0.9651  0.9389  0.9094  0.8775  0.8440  0.8095  0.7744  0.7391  0.7039
l            0.9812  0.9553  0.9253  0.8927  0.8582  0.8227  0.7866  0.7504  0.7144  0.6790
pinf         0.8730  0.7520  0.6495  0.5628  0.4892  0.4266  0.3731  0.3271  0.2876  0.2535
w            0.9672  0.9050  0.8320  0.7572  0.6853  0.6181  0.5565  0.5006  0.4500  0.4043
r            0.9796  0.9399  0.8905  0.8369  0.7823  0.7286  0.6768  0.6274  0.5807  0.5369
outputGap    0.9829  0.9589  0.9309  0.9001  0.8674  0.8334  0.7987  0.7636  0.7284  0.6935
eps_a        0.7819  0.6113  0.4780  0.3737  0.2922  0.2285  0.1786  0.1397  0.1092  0.0854
eps_b        0.1917  0.0367  0.0070  0.0014  0.0003  0.0000  0.0000  0.0000  0.0000  0.0000
eps_g        0.9254  0.8564  0.7925  0.7334  0.6787  0.6281  0.5813  0.5379  0.4978  0.4607
eps_i        0.1943  0.0378  0.0073  0.0014  0.0003  0.0001  0.0000  0.0000  0.0000  0.0000
eps_r        0.5621  0.3159  0.1776  0.0998  0.0561  0.0315  0.0177  0.0100  0.0056  0.0031
eps_p        0.0642  0.0041  0.0003  0.0000  0.0000  0.0000  0.0000  0.0000  0.0000  0.0000
eps_w        0.5347  0.2859  0.1529  0.0817  0.0437  0.0234  0.0125  0.0067  0.0036  0.0019
k            0.9982  0.9938  0.9873  0.9788  0.9685  0.9566  0.9434  0.9289  0.9133  0.8969
dx           0.2020  0.1186  0.0807  0.0560  0.0372  0.0224  0.0105  0.0009 -0.0068 -0.0129
Total computing time : 0h00m18s
