Starting Dynare (version 4.5.4).
Starting preprocessing of the model file ...
WARNING: SW_Estimation_REE.mod:8.12-12.44: Symbol rho_ga declared twice.
WARNING: SW_Estimation_REE.mod:8.12-12.55: Symbol mu_w declared twice.
WARNING: SW_Estimation_REE.mod:8.12-12.60: Symbol mu_p declared twice.
Substitution of exo lags: added 2 auxiliary variables and equations.
Found 29 equation(s).
Evaluating expressions...done
Computing static model derivatives:
 - order 1
Computing dynamic model derivatives:
 - order 1
 - order 2
Processing outputs ...
done
Preprocessing completed.

You did not declare endogenous variables after the estimation/calib_smoother command.
Initial value of the log posterior (or likelihood): -897.781
                                            First-order      Norm of
 Iter F-count            f(x)  Feasibility   optimality         step
    0      35    8.977810e+02    0.000e+00    1.635e+03
    1      73    8.831052e+02    0.000e+00    5.313e+02    4.805e-01
    2     109    7.888301e+02    0.000e+00    1.620e+03    5.745e-01
    3     145    7.347403e+02    0.000e+00    1.268e+03    5.183e-01
    4     181    7.100778e+02    0.000e+00    1.153e+03    5.780e-01
    5     217    6.452314e+02    0.000e+00    1.002e+03    2.986e+00
    6     252    6.287755e+02    0.000e+00    6.209e+03    1.073e+00
    7     288    6.290183e+02    0.000e+00    1.649e+03    9.993e-01
    8     323    6.024013e+02    0.000e+00    6.037e+02    1.096e+00
    9     359    5.871748e+02    0.000e+00    4.918e+02    2.158e+00
   10     394    5.683420e+02    0.000e+00    4.888e+02    5.756e-01
   11     430    5.579475e+02    0.000e+00    4.795e+02    1.908e+00
   12     466    5.518366e+02    0.000e+00    6.798e+02    7.882e-01
   13     501    5.470803e+02    0.000e+00    7.379e+02    8.855e-01
User objective function returned Inf; trying a new point...
   14     539    5.417513e+02    0.000e+00    4.772e+02    3.907e-01
   15     575    5.358977e+02    0.000e+00    5.055e+02    5.373e-01
   16     612    5.287806e+02    0.000e+00    5.339e+02    4.999e-01
   17     648    5.272175e+02    0.000e+00    5.222e+02    6.654e-01
   18     685    5.266159e+02    0.000e+00    5.365e+02    3.200e-01
   19     722    5.238085e+02    0.000e+00    4.588e+02    1.225e+00
   20     759    5.208171e+02    0.000e+00    3.421e+02    4.877e-01
   21     796    5.181949e+02    0.000e+00    3.918e+02    9.365e-01
   22     833    5.169830e+02    0.000e+00    2.942e+02    2.000e-01
   23     871    5.156470e+02    0.000e+00    2.952e+02    5.505e-01
   24     907    5.138383e+02    0.000e+00    2.406e+02    5.443e-01
   25     944    5.127966e+02    0.000e+00    2.348e+02    1.088e-01
   26     981    5.122077e+02    0.000e+00    2.113e+02    6.691e-01
   27    1023    5.119421e+02    0.000e+00    5.588e+01    8.960e-02
   28    1059    5.117802e+02    0.000e+00    6.795e+01    1.792e-01
   29    1097    5.114361e+02    0.000e+00    7.014e+01    9.257e-02
   30    1138    5.099100e+02    0.000e+00    5.170e+01    4.863e-02

                                            First-order      Norm of
 Iter F-count            f(x)  Feasibility   optimality         step
   31    1175    5.095672e+02    0.000e+00    8.311e+01    4.769e-02
   32    1215    5.092320e+02    0.000e+00    3.153e+01    4.292e-02
   33    1251    5.091197e+02    0.000e+00    2.559e+01    1.207e-01
   34    1289    5.090212e+02    0.000e+00    4.394e+01    1.389e-01
   35    1327    5.089610e+02    0.000e+00    6.714e+01    8.593e-02
   36    1365    5.089297e+02    0.000e+00    1.694e+02    2.238e-01
   37    1406    5.083921e+02    0.000e+00    1.377e+02    4.446e-02
   38    1443    5.083897e+02    0.000e+00    5.236e+01    6.197e-02
   39    1483    5.082156e+02    0.000e+00    6.024e+01    6.840e-02
   40    1519    5.080786e+02    0.000e+00    6.100e+01    1.676e-01
   41    1559    5.079036e+02    0.000e+00    1.004e+02    6.978e-02
   42    1595    5.077797e+02    0.000e+00    7.606e+01    8.665e-02
   43    1633    5.073562e+02    0.000e+00    1.234e+02    1.590e-01
   44    1674    5.072425e+02    0.000e+00    5.257e+01    3.596e-02
   45    1710    5.072220e+02    0.000e+00    5.408e+01    5.012e-02
   46    1748    5.069294e+02    0.000e+00    2.020e+02    1.038e-01
   47    1789    5.069264e+02    0.000e+00    7.143e+01    3.918e-02
   48    1825    5.068802e+02    0.000e+00    7.055e+01    3.519e-02
   49    1863    5.067013e+02    0.000e+00    2.741e+02    8.516e-02
   50    1901    5.066528e+02    0.000e+00    2.388e+02    7.096e-02
   51    1942    5.065965e+02    0.000e+00    1.337e+01    2.141e-02
   52    1979    5.065767e+02    0.000e+00    1.179e+01    4.901e-02
   53    2018    5.065384e+02    0.000e+00    7.783e+01    9.341e-02
   54    2055    5.065410e+02    0.000e+00    7.632e+01    5.020e-02
   55    2096    5.065201e+02    0.000e+00    3.977e+01    1.172e-02
   56    2132    5.065104e+02    0.000e+00    3.864e+01    1.911e-02
   57    2171    5.064795e+02    0.000e+00    1.083e+01    3.116e-02
   58    2208    5.064780e+02    0.000e+00    1.344e+01    2.928e-02
   59    2246    5.064598e+02    0.000e+00    1.208e+02    9.600e-02
   60    2281    5.064661e+02    0.000e+00    6.666e+01    8.466e-02

                                            First-order      Norm of
 Iter F-count            f(x)  Feasibility   optimality         step
   61    2321    5.064433e+02    0.000e+00    2.738e+00    4.423e-02
   62    2359    5.064418e+02    0.000e+00    4.110e+01    1.378e-02
   63    2397    5.064286e+02    0.000e+00    2.281e+01    2.076e-02
   64    2432    5.064261e+02    0.000e+00    2.744e+00    1.305e-02
   65    2467    5.064222e+02    0.000e+00    1.159e+00    1.221e-02
   66    2502    5.064106e+02    0.000e+00    3.794e+00    3.282e-02
   67    2537    5.064094e+02    0.000e+00    3.929e+00    1.208e-02
   68    2572    5.064090e+02    0.000e+00    2.366e+00    1.147e-02
   69    2607    5.064090e+02    0.000e+00    1.633e+00    2.343e-03
   70    2642    5.064090e+02    0.000e+00    1.308e-01    1.992e-03
   71    2677    5.064090e+02    0.000e+00    4.447e-01    7.340e-04
   72    2712    5.064090e+02    0.000e+00    2.725e-01    2.321e-04
   73    2747    5.064090e+02    0.000e+00    3.994e-02    5.093e-04
   74    2782    5.064087e+02    0.000e+00    3.577e-01    2.835e-03
   75    2817    5.064087e+02    0.000e+00    3.242e-02    7.099e-04
   76    2852    5.064087e+02    0.000e+00    7.794e-03    1.410e-04
   77    2887    5.064087e+02    0.000e+00    4.120e-03    3.130e-05
   78    2922    5.064087e+02    0.000e+00    4.000e-03    4.631e-05
   79    2957    5.064087e+02    0.000e+00    2.350e-02    5.217e-04
   80    2992    5.064087e+02    0.000e+00    2.948e-03    9.973e-05
   81    3027    5.064087e+02    0.000e+00    1.669e-03    6.737e-05
   82    3062    5.064087e+02    0.000e+00    8.000e-04    3.372e-05
   83    3098    5.064087e+02    0.000e+00    6.778e-03    2.739e-04
   84    3134    5.064087e+02    0.000e+00    3.768e-02    3.455e-04
   85    3169    5.064087e+02    0.000e+00    7.259e-04    1.206e-04
   86    3204    5.064087e+02    0.000e+00    2.837e-04    2.132e-05
   87    3246    5.064087e+02    0.000e+00    1.879e-04    3.701e-06
   88    3282    5.064087e+02    0.000e+00    2.695e-03    3.725e-06
   89    3318    5.064087e+02    0.000e+00    1.123e-03    9.157e-06
   90    3353    5.064087e+02    0.000e+00    3.176e-03    8.138e-06

                                            First-order      Norm of
 Iter F-count            f(x)  Feasibility   optimality         step
   91    3388    5.064087e+02    0.000e+00    6.842e-04    9.981e-06
   92    3429    5.064087e+02    0.000e+00    2.264e-04    4.639e-06
   93    3466    5.064087e+02    0.000e+00    1.370e-02    7.184e-05
   94    3501    5.064087e+02    0.000e+00    1.942e-03    5.554e-05
   95    3536    5.064087e+02    0.000e+00    1.299e-03    8.791e-06
   96    3571    5.064087e+02    0.000e+00    1.104e-03    9.242e-06
   97    3607    5.064087e+02    0.000e+00    3.740e-04    8.054e-06
   98    3642    5.064087e+02    0.000e+00    1.035e-03    1.255e-05
   99    3678    5.064087e+02    0.000e+00    3.382e-03    3.034e-05
  100    3713    5.064087e+02    0.000e+00    8.564e-04    8.114e-06

<a href = "matlab: helpview([docroot '/toolbox/optim/msg_csh/optim_msg_csh.map'],'local_min_poss_with_constr','CSHelpWindow');">Local minimum possible. Constraints satisfied</a>.

fmincon stopped because the <a href = "matlab: helpview([docroot '/toolbox/optim/msg_csh/optim_msg_csh.map'],'norm_curr_step_simple_fminconip','CSHelpWindow');">size of the current step</a> is less than
the selected value of the <a href = "matlab: helpview([docroot '/toolbox/optim/msg_csh/optim_msg_csh.map'],'step_size_tol','CSHelpWindow');">step size tolerance</a> and constraints are 
satisfied to within the default value of the <a href = "matlab: helpview([docroot '/toolbox/optim/msg_csh/optim_msg_csh.map'],'constraint_tolerance','CSHelpWindow');">constraint tolerance</a>.

<<a href = "matlab: createExitMsg('barrier',2.000000e+00,true,true,'fmincon',9.416044e-07,'selected',1.000000e-06,0.000000e+00,'default',1.000000e-06,0.000000e+00,'',0.000000e+00);">stopping criteria details</a>>


Final value of minus the log posterior (or likelihood):506.408661 

RESULTS FROM POSTERIOR ESTIMATION
parameters
         prior mean     mode    s.d. prior pstdev

phi          4.000   6.7184  1.0366 norm  1.5000 
sigma_c      1.500   1.9303  0.2002 norm  0.3750 
lambda       0.700   0.7050  0.0418 beta  0.1000 
xi_w         0.500   0.8013  0.0359 beta  0.1000 
sigma_l      2.000   1.0789  0.5357 norm  0.7500 
xi_p         0.500   0.8281  0.0325 beta  0.1000 
iota_w       0.500   0.4995  0.1611 beta  0.1500 
iota_p       0.500   0.1281  0.0696 beta  0.1500 
psi          0.500   0.8797  0.0556 beta  0.1500 
phi_p        1.250   1.5118  0.0785 norm  0.1250 
r_pi         1.500   1.6292  0.1854 norm  0.2500 
rho          0.750   0.8664  0.0173 beta  0.1000 
r_y          0.125   0.0726  0.0166 norm  0.0500 
r_dy         0.125   0.0736  0.0146 norm  0.0500 
pi_bar       0.625   0.6743  0.0562 gamm  0.1000 
beta_const   0.250   0.2100  0.0917 gamm  0.1000 
l_bar        0.000   1.2383  0.7836 norm  2.0000 
gamma_bar    0.400   0.3393  0.0358 norm  0.1000 
rho_ga       0.500   0.4544  0.0882 norm  0.2500 
alpha        0.300   0.1741  0.0358 norm  0.0500 
rho_a        0.500   0.9921  0.0024 beta  0.2000 
rho_b        0.500   0.3407  0.1066 beta  0.2000 
rho_g        0.500   0.9496  0.0146 beta  0.2000 
rho_i        0.500   0.8452  0.0328 beta  0.2000 
rho_r        0.500   0.4624  0.0680 beta  0.2000 
rho_p        0.500   0.5550  0.1225 beta  0.2000 
rho_w        0.500   0.0902  0.0590 beta  0.2000 

standard deviation of shocks
         prior mean     mode    s.d. prior pstdev

eta_a        0.100   0.3907  0.0268 invg  2.0000 
eta_b        0.100   0.1715  0.0257 invg  2.0000 
eta_g        0.100   0.3978  0.0248 invg  2.0000 
eta_i        0.100   0.2919  0.0277 invg  2.0000 
eta_r        0.100   0.0839  0.0057 invg  2.0000 
eta_p        0.100   0.0846  0.0168 invg  2.0000 
eta_w        0.100   0.4324  0.0341 invg  2.0000 


Log data density [Laplace approximation] is -583.922482.


MODEL SUMMARY

  Number of variables:         29
  Number of stochastic shocks: 7
  Number of state variables:   16
  Number of jumpers:           7
  Number of static variables:  10


MATRIX OF COVARIANCE OF EXOGENOUS SHOCKS
Variables       eta_a     eta_b     eta_g     eta_i     eta_r     eta_p     eta_w
eta_a        0.152684  0.000000  0.000000  0.000000  0.000000  0.000000  0.000000
eta_b        0.000000  0.029428  0.000000  0.000000  0.000000  0.000000  0.000000
eta_g        0.000000  0.000000  0.158262  0.000000  0.000000  0.000000  0.000000
eta_i        0.000000  0.000000  0.000000  0.085187  0.000000  0.000000  0.000000
eta_r        0.000000  0.000000  0.000000  0.000000  0.007035  0.000000  0.000000
eta_p        0.000000  0.000000  0.000000  0.000000  0.000000  0.007155  0.000000
eta_w        0.000000  0.000000  0.000000  0.000000  0.000000  0.000000  0.186951

POLICY AND TRANSITION FUNCTIONS
                                  mc            zcap              rk               k               q               c            inve               y             lab            pinf               w               r              kp           eps_a           eps_b           eps_g           eps_i           eps_r           eps_p           eps_w          labobs            robs         pinfobs              dy              dc           dinve              dw
Constant                           0               0               0               0               0               0               0               0               0               0               0               0               0               0               0               0               0               0               0               0        1.238331        1.154180        0.674324        0.339350        0.339350        0.339350        0.339350
y(-1)                       0.024749        0.008852        0.064703        0.008852        0.308375        0.070853        0.132244        0.073784        0.057226        0.009013        0.016329       -0.065495        0.003820               0               0               0               0               0               0               0        0.057226       -0.065495        0.009013       -0.926216        0.070853        0.132244        0.016329
r(-1)                      -0.291339       -0.104206       -0.761667       -0.104206       -3.630097       -0.834057       -1.556740       -0.868567       -0.673650       -0.106102       -0.192222        0.770989       -0.044966               0               0               0               0               0               0               0       -0.673650        0.770989       -0.106102       -0.868567       -0.834057       -1.556740       -0.192222
kp(-1)                     -0.187158       -0.147979       -1.081616        0.852021       -0.231691       -0.003015       -0.121487       -0.064156       -0.230935       -0.028708        0.001340       -0.011592        0.967606               0               0               0               0               0               0               0       -0.230935       -0.011592       -0.028708       -0.064156       -0.003015       -0.121487        0.001340
eps_a(-1)                  -1.085685       -0.125427       -0.916778       -0.125427        0.018040        0.059163        0.273403        0.065734       -1.122138       -0.062167        0.079933       -0.021723        0.007897        0.992133               0               0               0               0               0               0       -1.122138       -0.021723       -0.062167        0.065734        0.059163        0.273403        0.079933
eps_b(-1)                   0.179538        0.089496        0.654153        0.089496        5.231772        1.064874        0.875347        0.852812        0.664131        0.017078        0.079518        0.074756        0.025284               0        0.340700               0               0               0               0               0        0.664131        0.074756        0.017078        0.852812        1.064874        0.875347        0.079518
eps_g(-1)                   0.134950        0.092959        0.679459        0.092959       -0.303569        0.086484       -0.271839        0.963710        0.752217        0.028207        0.020201        0.086415       -0.007852               0               0        0.949632               0               0               0               0        0.752217        0.086415        0.028207        0.963710        0.086484       -0.271839        0.020201
eps_i(-1)                   0.267261        0.100737        0.736316        0.100737       -2.987322       -0.022070        3.850127        0.861399        0.668640        0.047144        0.168413        0.082014        0.276545               0               0               0        0.845220               0               0               0        0.668640        0.082014        0.047144        0.861399       -0.022070        3.850127        0.168413
eps_r(-1)                  -0.299643       -0.103250       -0.754684       -0.103250       -3.278703       -0.773665       -1.610418       -0.844014       -0.654187       -0.117641       -0.203748        0.366537       -0.046516               0               0               0               0        0.462444               0               0       -0.654187        0.366537       -0.117641       -0.844014       -0.773665       -1.610418       -0.203748
eps_p(-1)                  -1.350065       -0.197655       -1.444713       -0.197655       -1.125301       -0.262713       -1.073242       -0.441897       -0.312249        1.237744       -1.330119        0.232543       -0.031000               0               0               0               0               0        0.554967               0       -0.312249        0.232543        1.237744       -0.441897       -0.262713       -1.073242       -1.330119
eps_w(-1)                   0.167108        0.020447        0.149454        0.020447        0.023966       -0.001956        0.002200        0.004222       -0.000928        0.007640        0.170829        0.002014        0.000064               0               0               0               0               0               0        0.090226       -0.000928        0.002014        0.007640        0.004222       -0.001956        0.002200        0.170829
c(-1)                       0.076655        0.048789        0.356612        0.048789       -0.105116        0.828174       -0.049291        0.496991        0.387744        0.005916        0.017657        0.042687       -0.001424               0               0               0               0               0               0               0        0.387744        0.042687        0.005916        0.496991       -0.171826       -0.049291        0.017657
inve(-1)                    0.039639        0.022741        0.166219        0.022741       -0.125785        0.056234        0.844742        0.225741        0.175997        0.002164        0.012963        0.019275        0.024400               0               0               0               0               0               0               0        0.175997        0.019275        0.002164        0.225741        0.056234       -0.155258        0.012963
pinf(-1)                    0.301149        0.034538        0.252447        0.034538       -0.067003       -0.030651       -0.051332       -0.021413       -0.024428        0.138971        0.311413        0.028459       -0.001483               0               0               0               0               0               0               0       -0.024428        0.028459        0.138971       -0.021413       -0.030651       -0.051332        0.311413
w(-1)                       0.854669        0.104589        0.764466        0.104589        0.109493       -0.009226        0.009843        0.021748       -0.004624        0.035601        0.873678        0.009559        0.000284               0               0               0               0               0               0               0       -0.004624        0.009559        0.035601        0.021748       -0.009226        0.009843       -0.126322
eta_a                      -0.992008       -0.068452       -0.500331       -0.068452        0.342815        0.208977        0.347004        0.639824       -0.683898       -0.035429        0.115115       -0.080344        0.010023        1.000000               0        0.454402               0               0               0               0       -0.683898       -0.080344       -0.035429        0.639824        0.208977        0.347004        0.115115
eta_b                       0.526966        0.262683        1.920023        0.262683       15.355927        3.125543        2.569257        2.503112        1.949312        0.050126        0.233394        0.219418        0.074212               0        1.000000               0               0               0               0               0        1.949312        0.219418        0.050126        2.503112        3.125543        2.569257        0.233394
eta_g                       0.142108        0.097889        0.715497        0.097889       -0.319671        0.091071       -0.286257        1.014824        0.792114        0.029703        0.021272        0.090999       -0.008268               0               0        1.000000               0               0               0               0        0.792114        0.090999        0.029703        1.014824        0.091071       -0.286257        0.021272
eta_i                       0.316203        0.119185        0.871153        0.119185       -3.534373       -0.026112        4.555178        1.019142        0.791084        0.055778        0.199253        0.097033        0.327188               0               0               0        1.000000               0               0               0        0.791084        0.097033        0.055778        1.019142       -0.026112        4.555178        0.199253
eta_r                      -0.647955       -0.223271       -1.631948       -0.223271       -7.089950       -1.672992       -3.482409       -1.825116       -1.414630       -0.254389       -0.440589        0.792608       -0.100588               0               0               0               0        1.000000               0               0       -1.414630        0.792608       -0.254389       -1.825116       -1.672992       -3.482409       -0.440589
eta_p                      -2.432693       -0.356156       -2.603240       -0.356156       -2.027689       -0.473384       -1.933883       -0.796258       -0.562644        2.230301       -2.396752        0.419021       -0.055859               0               0               0               0               0        1.000000               0       -0.562644        0.419021        2.230301       -0.796258       -0.473384       -1.933883       -2.396752
eta_w                       1.852118        0.226623        1.656446        0.226623        0.265621       -0.021673        0.024382        0.046790       -0.010285        0.084674        1.893354        0.022324        0.000704               0               0               0               0               0               0        1.000000       -0.010285        0.022324        0.084674        0.046790       -0.021673        0.024382        1.893354


MOMENTS OF SIMULATED VARIABLES
VARIABLE              MEAN       STD. DEV.        VARIANCE        SKEWNESS        KURTOSIS
mc                0.012054        2.756243        7.596877       -0.011060       -0.020384
zcap              0.037669        0.730781        0.534041       -0.008399       -0.221131
rk                0.275333        5.341476       28.531368       -0.008399       -0.221131
k                -0.363721        6.809675       46.371671        0.011975        0.009743
q                 0.064377        4.552100       20.721613        0.009379        0.031833
c                -0.220443        6.407841       41.060428       -0.029693       -0.272163
inve             -0.342860       11.223864      125.975129       -0.026953        0.085619
y                -0.151847        6.178549       38.174469       -0.020493       -0.175441
lab               0.105754        2.953930        8.725702        0.027487       -0.070390
pinf              0.010410        0.298941        0.089366        0.055846       -0.031589
w                -0.194143        4.833081       23.358672       -0.017380       -0.249398
r                 0.005705        0.449426        0.201984       -0.029130       -0.151575
kp               -0.401202        7.261193       52.724917        0.019517       -0.002482
eps_a            -0.124481        3.160204        9.986889       -0.008919       -0.511824
eps_b            -0.001806        0.181270        0.032859       -0.010243        0.012780
eps_g             0.046916        1.303870        1.700076       -0.024284       -0.030713
eps_i            -0.007681        0.525492        0.276142       -0.014427        0.247252
eps_r            -0.001823        0.093743        0.008788        0.003820        0.035834
eps_p            -0.000227        0.101952        0.010394        0.069135        0.084853
eps_w            -0.002627        0.428913        0.183966        0.006077       -0.008156
labobs            1.344085        2.953930        8.725702        0.027487       -0.070390
robs              1.159884        0.449426        0.201984       -0.029130       -0.151575
pinfobs           0.684735        0.298941        0.089366        0.055846       -0.031589
dy                0.339664        0.907146        0.822914       -0.006155       -0.025649
dc                0.339675        0.729406        0.532034        0.006103        0.062034
dinve             0.340158        2.029569        4.119152        0.047463       -0.032526
dw                0.340130        0.891612        0.794973        0.009260       -0.000037


CORRELATION OF SIMULATED VARIABLES
VARIABLE         mc     zcap       rk        k        q        c     inve        y      lab     pinf        w        r       kp    eps_a    eps_b    eps_g    eps_i    eps_r    eps_p    eps_w   labobs     robs  pinfobs       dy       dc    dinve       dw
mc           1.0000   0.4799   0.4799   0.2433  -0.2924   0.2572   0.4317   0.3582   0.5951   0.2536   0.5094   0.4794   0.1987  -0.0875   0.0549   0.0548   0.3382  -0.0467  -0.1779   0.3234   0.5951   0.4794   0.2536  -0.0902  -0.0156  -0.1216   0.1661
zcap         0.4799   1.0000   1.0000  -0.5847   0.0356  -0.1900   0.1074   0.0091   0.6234   0.5015  -0.0996   0.5273  -0.6229  -0.2502   0.1081   0.2640   0.1761  -0.0634  -0.1062   0.1545   0.6234   0.5273   0.5015   0.2035   0.2368   0.1685   0.2090
rk           0.4799   1.0000   1.0000  -0.5847   0.0356  -0.1900   0.1074   0.0091   0.6234   0.5015  -0.0996   0.5273  -0.6229  -0.2502   0.1081   0.2640   0.1761  -0.0634  -0.1062   0.1545   0.6234   0.5273   0.5015   0.2035   0.2368   0.1685   0.2090
k            0.2433  -0.5847  -0.5847   1.0000  -0.3198   0.8200   0.6080   0.7380  -0.0481  -0.3724   0.7922  -0.1649   0.9982   0.6165  -0.0179   0.0052   0.2281  -0.0161  -0.0344   0.0127  -0.0481  -0.1649  -0.3724  -0.1520  -0.0924  -0.2051  -0.0402
q           -0.2924   0.0356   0.0356  -0.3198   1.0000  -0.1258  -0.5049  -0.2892  -0.3544  -0.0557  -0.1946  -0.5036  -0.3266   0.0196   0.6021  -0.0445  -0.6609  -0.1999  -0.0658   0.0070  -0.3544  -0.5036  -0.0557   0.2550   0.4381   0.0601   0.0186
c            0.2572  -0.1900  -0.1900   0.8200  -0.1258   1.0000   0.7364   0.9445   0.1155  -0.2406   0.8748  -0.1364   0.8007   0.8248   0.0942   0.1567   0.1744  -0.0767  -0.0567  -0.0115   0.1155  -0.1364  -0.2406  -0.0421   0.0569  -0.1236   0.0336
inve         0.4317   0.1074   0.1074   0.6080  -0.5049   0.7364   1.0000   0.8623   0.5016  -0.0609   0.6688   0.2916   0.5973   0.4999   0.0463   0.0024   0.6622  -0.0652  -0.0775   0.0130   0.5016   0.2916  -0.0609   0.1777   0.2742   0.0906   0.1376
y            0.3582   0.0091   0.0091   0.7380  -0.2892   0.9445   0.8623   1.0000   0.3332  -0.1361   0.8462   0.0911   0.7151   0.7592   0.0745   0.3168   0.3821  -0.0783  -0.0760   0.0051   0.3332   0.0911  -0.1361   0.0734   0.1660  -0.0395   0.0941
lab          0.5951   0.6234   0.6234  -0.0481  -0.3544   0.1155   0.5016   0.3332   1.0000   0.3585   0.0100   0.7120  -0.0749  -0.3230   0.1760   0.2014   0.5280  -0.0918  -0.0849   0.0163   1.0000   0.7120   0.3585   0.1379   0.2441   0.0050   0.1341
pinf         0.2536   0.5015   0.5015  -0.3724  -0.0557  -0.2406  -0.0609  -0.1361   0.3585   1.0000  -0.1895   0.4534  -0.3891  -0.3130   0.0556   0.1119   0.1245  -0.1165   0.7670   0.1426   0.3585   0.4534   1.0000   0.0029  -0.0008   0.0247  -0.0402
w            0.5094  -0.0996  -0.0996   0.7922  -0.1946   0.8748   0.6688   0.8462   0.0100  -0.1895   1.0000  -0.0847   0.7638   0.7895  -0.0133   0.1761   0.1932  -0.0367  -0.1139   0.1787   0.0100  -0.0847  -0.1895  -0.0736  -0.0177  -0.1058   0.0923
r            0.4794   0.5273   0.5273  -0.1649  -0.5036  -0.1364   0.2916   0.0911   0.7120   0.4534  -0.0847   1.0000  -0.1819  -0.3700   0.1261   0.2079   0.4821   0.2434   0.1451   0.0487   0.7120   1.0000   0.4534  -0.0516   0.0053  -0.1098   0.0159
kp           0.1987  -0.6229  -0.6229   0.9982  -0.3266   0.8007   0.5973   0.7151  -0.0749  -0.3891   0.7638  -0.1819   1.0000   0.6083  -0.0246  -0.0207   0.2342  -0.0113  -0.0246  -0.0027  -0.0749  -0.1819  -0.3891  -0.1448  -0.0920  -0.1909  -0.0489
eps_a       -0.0875  -0.2502  -0.2502   0.6165   0.0196   0.8248   0.4999   0.7592  -0.3230  -0.3130   0.7895  -0.3700   0.6083   1.0000  -0.0329   0.2523   0.0009  -0.0243  -0.0199  -0.0108  -0.3230  -0.3700  -0.3130   0.0455   0.0609   0.0219   0.0333
eps_b        0.0549   0.1081   0.1081  -0.0179   0.6021   0.0942   0.0463   0.0745   0.1760   0.0556  -0.0133   0.1261  -0.0246  -0.0329   1.0000  -0.0271   0.0116  -0.0188  -0.0019  -0.0016   0.1760   0.1261   0.0556   0.4914   0.7387   0.2293   0.0562
eps_g        0.0548   0.2640   0.2640   0.0052  -0.0445   0.1567   0.0024   0.3168   0.2014   0.1119   0.1761   0.2079  -0.0207   0.2523  -0.0271   1.0000   0.0141  -0.0126  -0.0317   0.0123   0.2014   0.2079   0.1119   0.1066   0.0657  -0.0184   0.0571
eps_i        0.3382   0.1761   0.1761   0.2281  -0.6609   0.1744   0.6622   0.3821   0.5280   0.1245   0.1932   0.4821   0.2342   0.0009   0.0116   0.0141   1.0000   0.0083  -0.0129   0.0189   0.5280   0.4821   0.1245   0.3981   0.2140   0.5871   0.1450
eps_r       -0.0467  -0.0634  -0.0634  -0.0161  -0.1999  -0.0767  -0.0652  -0.0783  -0.0918  -0.1165  -0.0367   0.2434  -0.0113  -0.0243  -0.0188  -0.0126   0.0083   1.0000  -0.0025  -0.0045  -0.0918   0.2434  -0.1165  -0.2359  -0.2781  -0.1798  -0.0737
eps_p       -0.1779  -0.1062  -0.1062  -0.0344  -0.0658  -0.0567  -0.0775  -0.0760  -0.0849   0.7670  -0.1139   0.1451  -0.0246  -0.0199  -0.0019  -0.0317  -0.0129  -0.0025   1.0000   0.0021  -0.0849   0.1451   0.7670  -0.1309  -0.1374  -0.1010  -0.2143
eps_w        0.3234   0.1545   0.1545   0.0127   0.0070  -0.0115   0.0130   0.0051   0.0163   0.1426   0.1787   0.0487  -0.0027  -0.0108  -0.0016   0.0123   0.0189  -0.0045   0.0021   1.0000   0.0163   0.0487   0.1426   0.0363  -0.0008   0.0049   0.9021
labobs       0.5951   0.6234   0.6234  -0.0481  -0.3544   0.1155   0.5016   0.3332   1.0000   0.3585   0.0100   0.7120  -0.0749  -0.3230   0.1760   0.2014   0.5280  -0.0918  -0.0849   0.0163   1.0000   0.7120   0.3585   0.1379   0.2441   0.0050   0.1341
robs         0.4794   0.5273   0.5273  -0.1649  -0.5036  -0.1364   0.2916   0.0911   0.7120   0.4534  -0.0847   1.0000  -0.1819  -0.3700   0.1261   0.2079   0.4821   0.2434   0.1451   0.0487   0.7120   1.0000   0.4534  -0.0516   0.0053  -0.1098   0.0159
pinfobs      0.2536   0.5015   0.5015  -0.3724  -0.0557  -0.2406  -0.0609  -0.1361   0.3585   1.0000  -0.1895   0.4534  -0.3891  -0.3130   0.0556   0.1119   0.1245  -0.1165   0.7670   0.1426   0.3585   0.4534   1.0000   0.0029  -0.0008   0.0247  -0.0402
dy          -0.0902   0.2035   0.2035  -0.1520   0.2550  -0.0421   0.1777   0.0734   0.1379   0.0029  -0.0736  -0.0516  -0.1448   0.0455   0.4914   0.1066   0.3981  -0.2359  -0.1309   0.0363   0.1379  -0.0516   0.0029   1.0000   0.7605   0.7124   0.2409
dc          -0.0156   0.2368   0.2368  -0.0924   0.4381   0.0569   0.2742   0.1660   0.2441  -0.0008  -0.0177   0.0053  -0.0920   0.0609   0.7387   0.0657   0.2140  -0.2781  -0.1374  -0.0008   0.2441   0.0053  -0.0008   0.7605   1.0000   0.4293   0.1988
dinve       -0.1216   0.1685   0.1685  -0.2051   0.0601  -0.1236   0.0906  -0.0395   0.0050   0.0247  -0.1058  -0.1098  -0.1909   0.0219   0.2293  -0.0184   0.5871  -0.1798  -0.1010   0.0049   0.0050  -0.1098   0.0247   0.7124   0.4293   1.0000   0.1842
dw           0.1661   0.2090   0.2090  -0.0402   0.0186   0.0336   0.1376   0.0941   0.1341  -0.0402   0.0923   0.0159  -0.0489   0.0333   0.0562   0.0571   0.1450  -0.0737  -0.2143   0.9021   0.1341   0.0159  -0.0402   0.2409   0.1988   0.1842   1.0000


AUTOCORRELATION OF SIMULATED VARIABLES
VARIABLE         1       2       3       4       5
mc          0.9382  0.8682  0.7966  0.7263  0.6546
zcap        0.9803  0.9518  0.9183  0.8819  0.8431
rk          0.9803  0.9518  0.9183  0.8819  0.8431
k           0.9985  0.9946  0.9885  0.9804  0.9707
q           0.7082  0.5800  0.5117  0.4567  0.4167
c           0.9934  0.9803  0.9633  0.9438  0.9228
inve        0.9836  0.9453  0.8927  0.8320  0.7674
y           0.9891  0.9688  0.9423  0.9117  0.8787
lab         0.9708  0.9216  0.8605  0.7927  0.7217
pinf        0.7232  0.5107  0.3852  0.3145  0.2751
w           0.9829  0.9628  0.9421  0.9208  0.8985
r           0.9643  0.9032  0.8342  0.7638  0.6951
kp          0.9988  0.9955  0.9902  0.9831  0.9744
eps_a       0.9921  0.9845  0.9767  0.9689  0.9612
eps_b       0.3500  0.1262  0.0518  0.0103  0.0044
eps_g       0.9430  0.8895  0.8396  0.7931  0.7502
eps_i       0.8344  0.6986  0.5827  0.4908  0.4139
eps_r       0.4544  0.1879  0.0854  0.0352  0.0103
eps_p       0.5487  0.2988  0.1636  0.0904  0.0538
eps_w       0.0798  0.0080  0.0115  0.0244  0.0019
labobs      0.9708  0.9216  0.8605  0.7927  0.7217
robs        0.9643  0.9032  0.8342  0.7638  0.6951
pinfobs     0.7232  0.5107  0.3852  0.3145  0.2751
dy          0.4437  0.2882  0.1886  0.1100  0.0444
dc          0.5112  0.3013  0.1950  0.1145  0.0619
dinve       0.6718  0.4356  0.2492  0.1191  0.0219
dw          0.0902  0.0192  0.0160  0.0275 -0.0061



VARIANCE DECOMPOSITION SIMULATING ONE SHOCK AT A TIME (in percent)
                      eta_a             eta_b             eta_g             eta_i             eta_r             eta_p             eta_w  Tot. lin. contr.
mc                     7.86              2.02              0.84             19.89              8.39             12.56             41.95             93.50
zcap                  18.05              2.64              7.39             49.45              5.13              4.86              7.98             95.50
rk                    18.05              2.64              7.39             49.45              5.13              4.86              7.98             95.50
k                     46.07              0.19              2.26             46.76              1.31              0.76              0.19             97.54
q                      0.41             36.20              0.34             56.49              4.65              1.39              0.11             99.59
c                     69.54              5.39              0.51             13.02              6.13              2.41              0.95             97.94
inve                  23.59              0.72              3.00             66.24              3.08              1.61              0.20             98.44
y                     57.76              3.24              2.05             26.74              5.14              2.26              0.56             97.74
lab                   14.11              8.14              6.60             48.95             11.76              4.95              1.44             95.95
pinf                  11.12              0.52              3.45             10.27              4.83             61.61              7.01             98.81
w                     66.29              0.43              0.07              9.80              2.47              3.90             14.60             97.57
r                     14.81              5.49              8.04             48.90             10.95              5.09              1.98             95.26
kp                    45.18              0.09              2.71             48.07              0.99              0.52              0.12             97.67
eps_a                100.01              0.00              0.00              0.00              0.00              0.00              0.00            100.01
eps_b                  0.00            100.01              0.00              0.00              0.00              0.00              0.00            100.01
eps_g                 18.63              0.00             86.68              0.00              0.00              0.00              0.00            105.31
eps_i                  0.00              0.00              0.00            100.01              0.00              0.00              0.00            100.01
eps_r                  0.00              0.00              0.00              0.00            100.01              0.00              0.00            100.01
eps_p                  0.00              0.00              0.00              0.00              0.00            100.01              0.00            100.01
eps_w                  0.00              0.00              0.00              0.00              0.00              0.00            100.01            100.01
labobs                14.11              8.14              6.60             48.95             11.76              4.95              1.44             95.95
robs                  14.81              5.49              8.04             48.90             10.95              5.09              1.98             95.26
pinfobs               11.12              0.52              3.45             10.27              4.83             61.61              7.01             98.81
dy                     9.73             25.52             21.04             30.90              7.64              2.80              0.36             97.98
dc                     6.29             61.48              0.67             14.42             12.08              4.02              0.56             99.53
dinve                  1.51              5.51              1.03             84.95              4.50              1.98              0.09             99.57
dw                     1.57              0.40              0.05              3.10              1.04              5.77             87.40             99.33
Note: numbers do not add up to 100 due to non-zero correlation of simulated shocks in small samples


EIGENVALUES:
         Modulus             Real        Imaginary

               0               -0                0
               0               -0                0
       7.343e-18        7.343e-18                0
         0.09023          0.09023                0
          0.1277           0.1277                0
          0.3407           0.3407                0
          0.4624           0.4624                0
           0.555            0.555                0
          0.8269           0.8259          0.04244
          0.8269           0.8259         -0.04244
          0.8452           0.8452                0
          0.8821           0.8786          0.07935
          0.8821           0.8786         -0.07935
          0.9496           0.9496                0
          0.9614           0.9614                0
          0.9921           0.9921                0
           1.027            1.027                0
           1.075            1.075          0.02873
           1.075            1.075         -0.02873
           1.123            1.114           0.1386
           1.123            1.114          -0.1386
       2.324e+16       -2.324e+16                0
       4.644e+16        4.644e+16                0


There are 7 eigenvalue(s) larger than 1 in modulus 
for 7 forward-looking variable(s)

The rank condition is verified.

Total computing time : 0h00m52s
Note: 3 warning(s) encountered in the preprocessor
