Starting Dynare (version 4.5.4).
Starting preprocessing of the model file ...
WARNING: SW_Estimation_REE.mod:8.12-12.44: Symbol rho_ga declared twice.
WARNING: SW_Estimation_REE.mod:8.12-12.55: Symbol mu_w declared twice.
WARNING: SW_Estimation_REE.mod:8.12-12.60: Symbol mu_p declared twice.
Substitution of exo lags: added 2 auxiliary variables and equations.
Found 29 equation(s).
Evaluating expressions...done
Computing static model derivatives:
 - order 1
Computing dynamic model derivatives:
 - order 1
 - order 2
Processing outputs ...
done
Preprocessing completed.

You did not declare endogenous variables after the estimation/calib_smoother command.
Initial value of the log posterior (or likelihood): -1567.3456
                                            First-order      Norm of
 Iter F-count            f(x)  Feasibility   optimality         step
    0      35    1.567346e+03    0.000e+00    1.419e+03
    1      75    1.384488e+03    0.000e+00    6.266e+02    4.210e-01
    2     112    1.368995e+03    0.000e+00    1.822e+03    8.849e-02
    3     150    1.354837e+03    0.000e+00    3.427e+02    1.334e-01
    4     187    1.343429e+03    0.000e+00    7.354e+02    1.912e-01
    5     225    1.336952e+03    0.000e+00    9.118e+02    1.383e-01
    6     261    1.304804e+03    0.000e+00    1.098e+03    7.953e-01
    7     297    1.275143e+03    0.000e+00    7.319e+02    1.567e+00
    8     335    1.264218e+03    0.000e+00    8.358e+02    3.241e-01
    9     373    1.256061e+03    0.000e+00    6.653e+02    2.488e-01
   10     408    1.251195e+03    0.000e+00    2.431e+02    2.291e+00
   11     445    1.245090e+03    0.000e+00    6.180e+02    3.179e-01
   12     480    1.242308e+03    0.000e+00    5.782e+02    3.080e+00
   13     516    1.231599e+03    0.000e+00    5.693e+02    4.402e-01
   14     551    1.226342e+03    0.000e+00    5.513e+02    2.753e+00
   15     587    1.199271e+03    0.000e+00    3.495e+02    2.692e+00
   16     622    1.197530e+03    0.000e+00    6.431e+02    1.436e+00
   17     659    1.195290e+03    0.000e+00    4.749e+02    4.622e-01
   18     696    1.184656e+03    0.000e+00    3.005e+02    8.062e-01
   19     733    1.178626e+03    0.000e+00    4.650e+02    1.073e+00
   20     770    1.176705e+03    0.000e+00    5.433e+02    6.601e-01
   21     806    1.175454e+03    0.000e+00    5.047e+02    6.623e-01
   22     843    1.173715e+03    0.000e+00    3.654e+02    4.125e-01
   23     879    1.171074e+03    0.000e+00    2.323e+02    5.807e-01
   24     916    1.169360e+03    0.000e+00    2.175e+02    6.224e-01
   25     954    1.168228e+03    0.000e+00    2.126e+02    3.874e-01
   26     990    1.166579e+03    0.000e+00    1.881e+02    6.445e-01
   27    1028    1.165500e+03    0.000e+00    2.082e+02    1.354e-01
   28    1065    1.164237e+03    0.000e+00    2.646e+02    1.371e+00
   29    1102    1.163312e+03    0.000e+00    2.061e+02    5.213e-01
   30    1138    1.160719e+03    0.000e+00    1.323e+02    9.016e-01

                                            First-order      Norm of
 Iter F-count            f(x)  Feasibility   optimality         step
   31    1174    1.160325e+03    0.000e+00    9.805e+01    5.922e-01
   32    1212    1.158315e+03    0.000e+00    9.587e+01    2.681e-01
   33    1249    1.157966e+03    0.000e+00    1.455e+02    3.202e-01
   34    1285    1.157469e+03    0.000e+00    2.485e+02    2.264e+00
   35    1321    1.156455e+03    0.000e+00    6.133e+02    2.810e-01
   36    1357    1.150240e+03    0.000e+00    3.556e+02    1.805e+00
   37    1399    1.146983e+03    0.000e+00    1.413e+02    1.544e-01
   38    1435    1.146757e+03    0.000e+00    1.462e+02    7.626e-01
   39    1473    1.143984e+03    0.000e+00    1.298e+02    6.630e-01
   40    1509    1.143205e+03    0.000e+00    1.314e+02    6.524e-01
   41    1546    1.142060e+03    0.000e+00    1.368e+02    5.728e-01
   42    1583    1.139205e+03    0.000e+00    1.333e+02    6.162e-01
   43    1619    1.138744e+03    0.000e+00    2.338e+02    2.510e-01
   44    1655    1.137483e+03    0.000e+00    3.330e+02    6.303e-01
   45    1691    1.136860e+03    0.000e+00    2.911e+02    3.668e-01
   46    1729    1.135811e+03    0.000e+00    1.271e+02    6.519e-01
   47    1766    1.135406e+03    0.000e+00    7.557e+01    1.866e-01
   48    1804    1.134497e+03    0.000e+00    8.552e+01    2.783e-01
   49    1841    1.133702e+03    0.000e+00    9.609e+01    1.739e-01
   50    1878    1.133517e+03    0.000e+00    5.286e+01    3.428e-01
   51    1915    1.133321e+03    0.000e+00    8.970e+01    3.128e-01
   52    1952    1.133251e+03    0.000e+00    6.039e+01    1.419e-01
   53    1989    1.133049e+03    0.000e+00    3.583e+01    7.028e-01
   54    2024    1.131968e+03    0.000e+00    2.946e+01    2.051e-01
   55    2061    1.131939e+03    0.000e+00    2.313e+01    1.063e-01
   56    2099    1.131814e+03    0.000e+00    2.089e+01    1.433e-01
   57    2134    1.131716e+03    0.000e+00    1.794e+01    5.722e-02
   58    2169    1.131676e+03    0.000e+00    2.680e+01    8.458e-02
   59    2204    1.131667e+03    0.000e+00    1.563e+01    3.275e-02
   60    2239    1.131655e+03    0.000e+00    1.563e+01    2.901e-02

                                            First-order      Norm of
 Iter F-count            f(x)  Feasibility   optimality         step
   61    2274    1.131639e+03    0.000e+00    4.471e+00    4.750e-02
   62    2309    1.131630e+03    0.000e+00    1.962e+00    3.186e-02
   63    2344    1.131624e+03    0.000e+00    2.848e+00    2.620e-02
   64    2379    1.131624e+03    0.000e+00    1.146e+00    1.061e-02
   65    2414    1.131624e+03    0.000e+00    3.637e-01    5.128e-03
   66    2449    1.131612e+03    0.000e+00    1.667e+00    2.689e-02
   67    2484    1.131611e+03    0.000e+00    6.443e-01    4.465e-03
   68    2519    1.131611e+03    0.000e+00    3.033e-01    1.969e-03
   69    2554    1.131611e+03    0.000e+00    1.395e-01    5.180e-04
   70    2589    1.131611e+03    0.000e+00    6.883e-02    9.180e-04
   71    2624    1.131611e+03    0.000e+00    6.449e-02    1.137e-03
   72    2659    1.131611e+03    0.000e+00    5.320e-02    9.277e-04
   73    2694    1.131611e+03    0.000e+00    3.578e-02    1.830e-04
   74    2729    1.131611e+03    0.000e+00    2.000e-02    1.100e-04
   75    2764    1.131611e+03    0.000e+00    8.787e-02    4.213e-03
   76    2799    1.131611e+03    0.000e+00    5.330e-02    6.972e-04
   77    2834    1.131611e+03    0.000e+00    2.019e-02    2.998e-04
   78    2869    1.131611e+03    0.000e+00    4.000e-03    7.057e-05
   79    2904    1.131611e+03    0.000e+00    2.129e-02    1.017e-03
   80    2939    1.131611e+03    0.000e+00    6.039e-03    6.854e-05
   81    2975    1.131611e+03    0.000e+00    1.128e-03    3.951e-05
   82    3011    1.131611e+03    0.000e+00    5.161e-03    7.866e-05
   83    3046    1.131611e+03    0.000e+00    6.366e-03    8.901e-05
   84    3082    1.131611e+03    0.000e+00    2.765e-03    6.168e-05
   85    3117    1.131611e+03    0.000e+00    3.750e-03    2.546e-05
   86    3152    1.131611e+03    0.000e+00    9.574e-04    1.891e-05
   87    3189    1.131611e+03    0.000e+00    8.000e-04    8.502e-06
   88    3224    1.131611e+03    0.000e+00    1.332e-03    1.040e-04
   89    3259    1.131611e+03    0.000e+00    2.810e-03    5.348e-05
   90    3297    1.131611e+03    0.000e+00    1.015e-02    1.203e-04

                                            First-order      Norm of
 Iter F-count            f(x)  Feasibility   optimality         step
   91    3332    1.131611e+03    0.000e+00    4.153e-03    4.555e-05
   92    3367    1.131611e+03    0.000e+00    2.790e-03    8.079e-05
   93    3402    1.131611e+03    0.000e+00    9.223e-04    1.079e-05
   94    3443    1.131611e+03    0.000e+00    3.516e-04    4.941e-06
   95    3479    1.131611e+03    0.000e+00    2.099e-03    1.170e-05
   96    3514    1.131611e+03    0.000e+00    7.732e-04    3.284e-05
   97    3552    1.131611e+03    0.000e+00    4.985e-04    7.795e-06
   98    3588    1.131611e+03    0.000e+00    5.519e-04    4.017e-06

<a href = "matlab: helpview([docroot '/toolbox/optim/msg_csh/optim_msg_csh.map'],'local_min_poss_with_constr','CSHelpWindow');">Local minimum possible. Constraints satisfied</a>.

fmincon stopped because the <a href = "matlab: helpview([docroot '/toolbox/optim/msg_csh/optim_msg_csh.map'],'norm_curr_step_simple_fminconip','CSHelpWindow');">size of the current step</a> is less than
the selected value of the <a href = "matlab: helpview([docroot '/toolbox/optim/msg_csh/optim_msg_csh.map'],'step_size_tol','CSHelpWindow');">step size tolerance</a> and constraints are 
satisfied to within the default value of the <a href = "matlab: helpview([docroot '/toolbox/optim/msg_csh/optim_msg_csh.map'],'constraint_tolerance','CSHelpWindow');">constraint tolerance</a>.

<<a href = "matlab: createExitMsg('barrier',2.000000e+00,true,true,'fmincon',6.379376e-07,'selected',1.000000e-06,0.000000e+00,'default',1.000000e-06,0.000000e+00,'',0.000000e+00);">stopping criteria details</a>>


Final value of minus the log posterior (or likelihood):1131.610870 

RESULTS FROM POSTERIOR ESTIMATION
parameters
         prior mean     mode    s.d. prior pstdev

phi          4.000   4.8713  1.0734 norm  1.5000 
sigma_c      1.500   1.3552  0.1234 norm  0.3750 
lambda       0.700   0.7481  0.0512 beta  0.1000 
xi_w         0.500   0.9275  0.0209 beta  0.1000 
sigma_l      2.000   1.9789  0.7486 norm  0.7500 
xi_p         0.500   0.8017  0.0425 beta  0.1000 
iota_w       0.500   0.8407  0.0689 beta  0.1500 
iota_p       0.500   0.0706  0.0341 beta  0.1500 
psi          0.500   0.8296  0.0770 beta  0.1500 
phi_p        1.250   1.5870  0.0743 norm  0.1250 
r_pi         1.500   1.5027  0.1696 norm  0.2500 
rho          0.750   0.8483  0.0231 beta  0.1000 
r_y          0.125   0.0518  0.0254 norm  0.0500 
r_dy         0.125   0.1660  0.0197 norm  0.0500 
pi_bar       0.625   0.7524  0.0733 gamm  0.1000 
beta_const   0.250   0.2100  0.0917 gamm  0.1000 
l_bar        0.000  -1.1983  1.1489 norm  2.0000 
gamma_bar    0.400   0.4005  0.0176 norm  0.1000 
rho_ga       0.500   0.5349  0.0780 norm  0.2500 
alpha        0.300   0.1742  0.0412 norm  0.0500 
rho_a        0.500   0.9646  0.0101 beta  0.2000 
rho_b        0.500   0.3562  0.0908 beta  0.2000 
rho_g        0.500   0.9777  0.0061 beta  0.2000 
rho_i        0.500   0.8323  0.0523 beta  0.2000 
rho_r        0.500   0.0836  0.0475 beta  0.2000 
rho_p        0.500   0.8147  0.0574 beta  0.2000 
rho_w        0.500   0.0646  0.0423 beta  0.2000 

standard deviation of shocks
         prior mean     mode    s.d. prior pstdev

eta_a        0.100   0.4391  0.0252 invg  2.0000 
eta_b        0.100   0.2093  0.0265 invg  2.0000 
eta_g        0.100   0.4912  0.0245 invg  2.0000 
eta_i        0.100   0.3622  0.0349 invg  2.0000 
eta_r        0.100   0.2092  0.0114 invg  2.0000 
eta_p        0.100   0.0550  0.0110 invg  2.0000 
eta_w        0.100   0.3711  0.0233 invg  2.0000 


Log data density [Laplace approximation] is -1213.139396.


MODEL SUMMARY

  Number of variables:         29
  Number of stochastic shocks: 7
  Number of state variables:   16
  Number of jumpers:           7
  Number of static variables:  10


MATRIX OF COVARIANCE OF EXOGENOUS SHOCKS
Variables       eta_a     eta_b     eta_g     eta_i     eta_r     eta_p     eta_w
eta_a        0.192824  0.000000  0.000000  0.000000  0.000000  0.000000  0.000000
eta_b        0.000000  0.043792  0.000000  0.000000  0.000000  0.000000  0.000000
eta_g        0.000000  0.000000  0.241298  0.000000  0.000000  0.000000  0.000000
eta_i        0.000000  0.000000  0.000000  0.131225  0.000000  0.000000  0.000000
eta_r        0.000000  0.000000  0.000000  0.000000  0.043753  0.000000  0.000000
eta_p        0.000000  0.000000  0.000000  0.000000  0.000000  0.003022  0.000000
eta_w        0.000000  0.000000  0.000000  0.000000  0.000000  0.000000  0.137696

POLICY AND TRANSITION FUNCTIONS
                                  mc            zcap              rk               k               q               c            inve               y             lab            pinf               w               r              kp           eps_a           eps_b           eps_g           eps_i           eps_r           eps_p           eps_w          labobs            robs         pinfobs              dy              dc           dinve              dw
Constant                           0               0               0               0               0               0               0               0               0               0               0               0               0               0               0               0               0               0               0               0       -1.198339        1.154180        0.752415        0.400494        0.400494        0.400494        0.400494
y(-1)                       0.017226        0.019904        0.096890        0.019904        0.506943        0.143444        0.304667        0.158013        0.116370        0.011844        0.000423       -0.135794        0.008800               0               0               0               0               0               0               0        0.116370       -0.135794        0.011844       -0.841987        0.143444        0.304667        0.000423
r(-1)                      -0.088055       -0.101742       -0.495268       -0.101742       -2.591320       -0.733237       -1.557356       -0.807710       -0.594845       -0.060544       -0.002165        0.694134       -0.044983               0               0               0               0               0               0               0       -0.594845        0.694134       -0.060544       -0.807710       -0.733237       -1.557356       -0.002165
kp(-1)                     -0.157090       -0.204117       -0.993622        0.795883       -0.177570        0.030328       -0.152533       -0.064511       -0.217094       -0.025316        0.019354       -0.016983        0.966710               0               0               0               0               0               0               0       -0.217094       -0.016983       -0.025316       -0.064511        0.030328       -0.152533        0.019354
eps_a(-1)                  -1.021108       -0.183646       -0.893970       -0.183646       -0.296380       -0.075934       -0.000501       -0.089679       -1.197723       -0.143333        0.120107       -0.050957       -0.000014        0.964579               0               0               0               0               0               0       -1.197723       -0.050957       -0.143333       -0.089679       -0.075934       -0.000501        0.120107
eps_b(-1)                   0.098014        0.109193        0.531540        0.109193        4.446929        0.993571        1.085744        0.861294        0.634160        0.013501        0.006574        0.152786        0.031361               0        0.356218               0               0               0               0               0        0.634160        0.152786        0.013501        0.861294        0.993571        1.085744        0.006574
eps_g(-1)                   0.074876        0.104164        0.507059        0.104164       -0.394699       -0.154464       -0.267106        0.851183        0.627505        0.019293       -0.016282        0.152348       -0.007715               0               0        0.977725               0               0               0               0        0.627505        0.152348        0.019293        0.851183       -0.154464       -0.267106       -0.016282
eps_i(-1)                   0.102477        0.087926        0.428013        0.087926       -2.713450       -0.170354        3.337088        0.656162        0.482124        0.004188        0.033814        0.115007        0.214434               0               0               0        0.832268               0               0               0        0.482124        0.115007        0.004188        0.656162       -0.170354        3.337088        0.033814
eps_r(-1)                  -0.009445       -0.010918       -0.053149       -0.010918       -0.274115       -0.078165       -0.168572       -0.086686       -0.063841       -0.006601       -0.000227        0.067027       -0.004869               0               0               0               0        0.083599               0               0       -0.063841        0.067027       -0.006601       -0.086686       -0.078165       -0.168572       -0.000227
eps_p(-1)                  -3.964853       -0.793836       -3.864310       -0.793836        1.592800       -0.230473       -3.493435       -1.100256       -0.672087        3.792961       -3.986059        0.673259       -0.100906               0               0               0               0               0        0.814706               0       -0.672087        0.673259        3.792961       -1.100256       -0.230473       -3.493435       -3.986059
eps_w(-1)                   0.116146        0.020399        0.099300        0.020399        0.036691       -0.003746        0.013526        0.005639               0        0.012522        0.119699        0.003834        0.000391               0               0               0               0               0               0        0.064567               0        0.003834        0.012522        0.005639       -0.003746        0.013526        0.119699
c(-1)                       0.049593        0.059128        0.287829        0.059128       -0.165057        0.782528       -0.050243        0.471915        0.347613        0.005629       -0.000656        0.083310       -0.001451               0               0               0               0               0               0               0        0.347613        0.083310        0.005629        0.471915       -0.217472       -0.050243       -0.000656
inve(-1)                    0.023238        0.025488        0.124074        0.025488       -0.143599        0.015879        0.836832        0.200477        0.147593        0.000711        0.001969        0.035008        0.024171               0               0               0               0               0               0               0        0.147593        0.035008        0.000711        0.200477        0.015879       -0.163168        0.001969
pinf(-1)                    0.646548        0.111893        0.544685        0.111893        0.159087       -0.034841        0.044983        0.015917       -0.011456        0.139779        0.668034        0.034626        0.001299               0               0               0               0               0               0               0       -0.011456        0.034626        0.139779        0.015917       -0.034841        0.044983        0.668034
w(-1)                       0.850218        0.149264        0.726599        0.149264        0.248436       -0.025635        0.091598        0.040698       -0.000429        0.085430        0.876292        0.026546        0.002646               0               0               0               0               0               0               0       -0.000429        0.026546        0.085430        0.040698       -0.025635        0.091598       -0.123708
eta_a                      -0.989300       -0.100657       -0.489987       -0.100657        0.310867        0.072779        0.354615        0.632667       -0.706951       -0.118554        0.116307       -0.192901        0.010243        1.000000               0        0.534892               0               0               0               0       -0.706951       -0.192901       -0.118554        0.632667        0.072779        0.354615        0.116307
eta_b                       0.275153        0.306535        1.492178        0.306535       12.483735        2.789223        3.047978        2.417887        1.780258        0.037902        0.018454        0.428911        0.088039               0        1.000000               0               0               0               0               0        1.780258        0.428911        0.037902        2.417887        2.789223        3.047978        0.018454
eta_g                       0.076582        0.106537        0.518611        0.106537       -0.403691       -0.157983       -0.273191        0.870575        0.641801        0.019733       -0.016653        0.155819       -0.007891               0               0        1.000000               0               0               0               0        0.641801        0.155819        0.019733        0.870575       -0.157983       -0.273191       -0.016653
eta_i                       0.123130        0.105646        0.514272        0.105646       -3.260307       -0.204686        4.009631        0.788402        0.579289        0.005032        0.040629        0.138185        0.257650               0               0               0        1.000000               0               0               0        0.579289        0.138185        0.005032        0.788402       -0.204686        4.009631        0.040629
eta_r                      -0.112985       -0.130604       -0.635767       -0.130604       -3.278925       -0.935004       -2.016433       -1.036922       -0.763653       -0.078957       -0.002718        0.801768       -0.058244               0               0               0               0        1.000000               0               0       -0.763653        0.801768       -0.078957       -1.036922       -0.935004       -2.016433       -0.002718
eta_p                      -4.866605       -0.974384       -4.743195       -0.974384        1.955061       -0.282891       -4.287970       -1.350495       -0.824944        4.655618       -4.892635        0.826383       -0.123856               0               0               0               0               0        1.000000               0       -0.824944        0.826383        4.655618       -1.350495       -0.282891       -4.287970       -4.892635
eta_w                       1.798841        0.315936        1.537941        0.315936        0.568262       -0.058017        0.209491        0.087340        0.000005        0.193936        1.853872        0.059384        0.006051               0               0               0               0               0               0        1.000000        0.000005        0.059384        0.193936        0.087340       -0.058017        0.209491        1.853872


MOMENTS OF SIMULATED VARIABLES
VARIABLE              MEAN       STD. DEV.        VARIANCE        SKEWNESS        KURTOSIS
mc                0.004126        2.837949        8.053955        0.004507       -0.034461
zcap              0.009998        1.090603        1.189415       -0.021517       -0.040024
rk                0.048670        5.308939       28.184835       -0.021517       -0.040024
k                -0.019723        6.633574       44.004305        0.037657       -0.117086
q                -0.009087        4.404841       19.402628        0.001804        0.006567
c                -0.045636        5.148392       26.505944        0.042775        0.003573
inve             -0.040733       13.697614      187.624619        0.004849        0.055340
y                 0.039390        5.744646       33.000958        0.006723       -0.050825
lab               0.053186        3.234570       10.462444       -0.023087        0.064776
pinf              0.002615        0.506467        0.256509        0.018184        0.008373
w                -0.024240        2.980460        8.883139       -0.014766       -0.050098
r                 0.008930        0.578141        0.334247       -0.008710        0.025189
kp               -0.029753        7.440538       55.361603        0.040177       -0.117556
eps_a            -0.015666        1.682280        2.830066       -0.008289       -0.065749
eps_b             0.001113        0.224103        0.050222       -0.015056        0.004893
eps_g             0.073329        2.569542        6.602546       -0.030780       -0.113143
eps_i             0.002021        0.647277        0.418967       -0.013790        0.046006
eps_r             0.000256        0.209988        0.044095        0.001897       -0.017522
eps_p             0.000046        0.094043        0.008844        0.045171        0.014092
eps_w            -0.000450        0.371833        0.138260       -0.002239       -0.005330
labobs           -1.145153        3.234570       10.462444       -0.023087        0.064776
robs              1.163110        0.578141        0.334247       -0.008710        0.025189
pinfobs           0.755030        0.506467        0.256509        0.018184        0.008373
dy                0.400480        0.961828        0.925114        0.002223       -0.005178
dc                0.400487        0.755827        0.571274       -0.004159        0.008818
dinve             0.400316        2.360834        5.573537        0.002195        0.005698
dw                0.400484        0.755694        0.571073       -0.001747       -0.014170


CORRELATION OF SIMULATED VARIABLES
VARIABLE         mc     zcap       rk        k        q        c     inve        y      lab     pinf        w        r       kp    eps_a    eps_b    eps_g    eps_i    eps_r    eps_p    eps_w   labobs     robs  pinfobs       dy       dc    dinve       dw
mc           1.0000   0.3800   0.3800   0.1645  -0.0091   0.0572   0.1797   0.0748   0.3107   0.2812   0.7058   0.3658   0.0989  -0.4454   0.0285  -0.1517   0.0832  -0.0101  -0.3379   0.2520   0.3107   0.3658   0.2812  -0.0421  -0.0290  -0.0103   0.1298
zcap         0.3800   1.0000   1.0000  -0.7027   0.1720  -0.4324   0.0101  -0.1191   0.2572   0.1332  -0.0619   0.2756  -0.7499  -0.1819   0.0855   0.1391   0.0232  -0.0259  -0.2087   0.1172   0.2572   0.2756   0.1332   0.2479   0.1708   0.2959   0.1207
rk           0.3800   1.0000   1.0000  -0.7027   0.1720  -0.4324   0.0101  -0.1191   0.2572   0.1332  -0.0619   0.2756  -0.7499  -0.1819   0.0855   0.1391   0.0232  -0.0259  -0.2087   0.1172   0.2572   0.2756   0.1332   0.2479   0.1708   0.2959   0.1207
k            0.1645  -0.7027  -0.7027   1.0000  -0.2646   0.7830   0.5290   0.6730   0.3598  -0.0972   0.5835  -0.0331   0.9966   0.1899   0.0129   0.0134   0.2189  -0.0064  -0.0801   0.0156   0.3598  -0.0331  -0.0972  -0.1707  -0.0557  -0.2587  -0.0021
q           -0.0091   0.1720   0.1720  -0.2646   1.0000   0.0333  -0.4487  -0.2256  -0.2176  -0.0042  -0.0464  -0.3853  -0.2859   0.0419   0.6179  -0.0335  -0.6845  -0.1638  -0.0555   0.0529  -0.2176  -0.3853  -0.0042   0.2334   0.5004  -0.0046   0.0100
c            0.0572  -0.4324  -0.4324   0.7830   0.0333   1.0000   0.6051   0.7559   0.5286  -0.1978   0.3988  -0.2140   0.7725   0.2493   0.1671  -0.1790   0.0644  -0.0438  -0.1482  -0.0062   0.5286  -0.2140  -0.1978  -0.0588   0.0734  -0.1698   0.0385
inve         0.1797   0.0101   0.0101   0.5290  -0.4487   0.6051   1.0000   0.8434   0.7695  -0.1598   0.3603   0.2431   0.5173   0.2296   0.0656  -0.0193   0.6194  -0.0348  -0.1930   0.0056   0.7695   0.2431  -0.1598   0.1550   0.2567   0.0862   0.0816
y            0.0748  -0.1191  -0.1191   0.6730  -0.2256   0.7559   0.8434   1.0000   0.7930  -0.2032   0.4252   0.0568   0.6490   0.4304   0.1266   0.3474   0.3698  -0.0418  -0.1879   0.0030   0.7930   0.0568  -0.2032   0.0837   0.1711  -0.0321   0.0715
lab          0.3107   0.2572   0.2572   0.3598  -0.2176   0.5286   0.7695   0.7930   1.0000  -0.0210   0.1737   0.3403   0.3208  -0.1287   0.1648   0.2060   0.4056  -0.0523  -0.2298  -0.0028   1.0000   0.3403  -0.0210   0.1281   0.2198   0.0380   0.0771
pinf         0.2812   0.1332   0.1332  -0.0972  -0.0042  -0.1978  -0.1598  -0.2032  -0.0210   1.0000   0.0438   0.4924  -0.1116  -0.3371   0.0209  -0.0423  -0.0017  -0.0372   0.7932   0.1464  -0.0210   0.4924   1.0000  -0.2245  -0.2020  -0.1956  -0.1265
w            0.7058  -0.0619  -0.0619   0.5835  -0.0464   0.3988   0.3603   0.4252   0.1737   0.0438   1.0000   0.0480   0.5342   0.2383   0.0020   0.0539   0.0882  -0.0036  -0.3006   0.2466   0.1737   0.0480   0.0438  -0.0775  -0.0584  -0.0900   0.1268
r            0.3658   0.2756   0.2756  -0.0331  -0.3853  -0.2140   0.2431   0.0568   0.3403   0.4924   0.0480   1.0000  -0.0496  -0.3953   0.2174   0.0695   0.4325   0.3087   0.2627   0.0405   0.3403   1.0000   0.4924  -0.0511  -0.0737  -0.0640  -0.0260
kp           0.0989  -0.7499  -0.7499   0.9966  -0.2859   0.7725   0.5173   0.6490   0.3208  -0.1116   0.5342  -0.0496   1.0000   0.2026   0.0025  -0.0090   0.2315  -0.0037  -0.0499  -0.0028   0.3208  -0.0496  -0.1116  -0.1704  -0.0580  -0.2540  -0.0139
eps_a       -0.4454  -0.1819  -0.1819   0.1899   0.0419   0.2493   0.2296   0.4304  -0.1287  -0.3371   0.2383  -0.3953   0.2026   1.0000   0.0019   0.4112   0.0014  -0.0025   0.0154   0.0001  -0.1287  -0.3953  -0.3371   0.0940   0.0575   0.0482   0.0330
eps_b        0.0285   0.0855   0.0855   0.0129   0.6179   0.1671   0.0656   0.1266   0.1648   0.0209   0.0020   0.2174   0.0025   0.0019   1.0000  -0.0035   0.0024   0.0002   0.0002   0.0033   0.1648   0.2174   0.0209   0.5159   0.7528   0.2720   0.0126
eps_g       -0.1517   0.1391   0.1391   0.0134  -0.0335  -0.1790  -0.0193   0.3474   0.2060  -0.0423   0.0539   0.0695  -0.0090   0.4112  -0.0035   1.0000   0.0179   0.0027   0.0064  -0.0045   0.2060   0.0695  -0.0423   0.0500  -0.0252   0.0004   0.0054
eps_i        0.0832   0.0232   0.0232   0.2189  -0.6845   0.0644   0.6194   0.3698   0.4056  -0.0017   0.0882   0.4325   0.2315   0.0014   0.0024   0.0179   1.0000  -0.0027  -0.0054   0.0002   0.4056   0.4325  -0.0017   0.3656   0.0710   0.6123   0.0554
eps_r       -0.0101  -0.0259  -0.0259  -0.0064  -0.1638  -0.0438  -0.0348  -0.0418  -0.0523  -0.0372  -0.0036   0.3087  -0.0037  -0.0025   0.0002   0.0027  -0.0027   1.0000  -0.0024   0.0011  -0.0523   0.3087  -0.0372  -0.2389  -0.2714  -0.1912  -0.0007
eps_p       -0.3379  -0.2087  -0.2087  -0.0801  -0.0555  -0.1482  -0.1930  -0.1879  -0.2298   0.7932  -0.3006   0.2627  -0.0499   0.0154   0.0002   0.0064  -0.0054  -0.0024   1.0000  -0.0057  -0.2298   0.2627   0.7932  -0.2177  -0.1934  -0.2131  -0.2166
eps_w        0.2520   0.1172   0.1172   0.0156   0.0529  -0.0062   0.0056   0.0030  -0.0028   0.1464   0.2466   0.0405  -0.0028   0.0001   0.0033  -0.0045   0.0002   0.0011  -0.0057   1.0000  -0.0028   0.0405   0.1464   0.0366  -0.0271   0.0383   0.9102
labobs       0.3107   0.2572   0.2572   0.3598  -0.2176   0.5286   0.7695   0.7930   1.0000  -0.0210   0.1737   0.3403   0.3208  -0.1287   0.1648   0.2060   0.4056  -0.0523  -0.2298  -0.0028   1.0000   0.3403  -0.0210   0.1281   0.2198   0.0380   0.0771
robs         0.3658   0.2756   0.2756  -0.0331  -0.3853  -0.2140   0.2431   0.0568   0.3403   0.4924   0.0480   1.0000  -0.0496  -0.3953   0.2174   0.0695   0.4325   0.3087   0.2627   0.0405   0.3403   1.0000   0.4924  -0.0511  -0.0737  -0.0640  -0.0260
pinfobs      0.2812   0.1332   0.1332  -0.0972  -0.0042  -0.1978  -0.1598  -0.2032  -0.0210   1.0000   0.0438   0.4924  -0.1116  -0.3371   0.0209  -0.0423  -0.0017  -0.0372   0.7932   0.1464  -0.0210   0.4924   1.0000  -0.2245  -0.2020  -0.1956  -0.1265
dy          -0.0421   0.2479   0.2479  -0.1707   0.2334  -0.0588   0.1550   0.0837   0.1281  -0.2245  -0.0775  -0.0511  -0.1704   0.0940   0.5159   0.0500   0.3656  -0.2389  -0.2177   0.0366   0.1281  -0.0511  -0.2245   1.0000   0.6215   0.7070   0.1217
dc          -0.0290   0.1708   0.1708  -0.0557   0.5004   0.0734   0.2567   0.1711   0.2198  -0.2020  -0.0584  -0.0737  -0.0580   0.0575   0.7528  -0.0252   0.0710  -0.2714  -0.1934  -0.0271   0.2198  -0.0737  -0.2020   0.6215   1.0000   0.3326   0.0319
dinve       -0.0103   0.2959   0.2959  -0.2587  -0.0046  -0.1698   0.0862  -0.0321   0.0380  -0.1956  -0.0900  -0.0640  -0.2540   0.0482   0.2720   0.0004   0.6123  -0.1912  -0.2131   0.0383   0.0380  -0.0640  -0.1956   0.7070   0.3326   1.0000   0.1180
dw           0.1298   0.1207   0.1207  -0.0021   0.0100   0.0385   0.0816   0.0715   0.0771  -0.1265   0.1268  -0.0260  -0.0139   0.0330   0.0126   0.0054   0.0554  -0.0007  -0.2166   0.9102   0.0771  -0.0260  -0.1265   0.1217   0.0319   0.1180   1.0000


AUTOCORRELATION OF SIMULATED VARIABLES
VARIABLE         1       2       3       4       5
mc          0.9541  0.9053  0.8572  0.8107  0.7657
zcap        0.9853  0.9641  0.9392  0.9119  0.8829
rk          0.9853  0.9641  0.9392  0.9119  0.8829
k           0.9981  0.9931  0.9853  0.9748  0.9619
q           0.6717  0.5274  0.4483  0.3919  0.3481
c           0.9892  0.9695  0.9454  0.9188  0.8907
inve        0.9851  0.9504  0.9027  0.8467  0.7861
y           0.9860  0.9618  0.9316  0.8974  0.8606
lab         0.9741  0.9341  0.8869  0.8356  0.7822
pinf        0.8403  0.6913  0.5698  0.4683  0.3849
w           0.9678  0.9326  0.8977  0.8631  0.8289
r           0.9018  0.7939  0.6949  0.6070  0.5292
kp          0.9985  0.9940  0.9868  0.9769  0.9648
eps_a       0.9654  0.9321  0.9003  0.8697  0.8400
eps_b       0.3586  0.1254  0.0453  0.0116  0.0029
eps_g       0.9773  0.9553  0.9340  0.9134  0.8932
eps_i       0.8286  0.6852  0.5659  0.4681  0.3875
eps_r       0.0791  0.0056 -0.0001  0.0046  0.0051
eps_p       0.8122  0.6609  0.5391  0.4384  0.3552
eps_w       0.0569  0.0054  0.0057  0.0043  0.0032
labobs      0.9741  0.9341  0.8869  0.8356  0.7822
robs        0.9018  0.7939  0.6949  0.6070  0.5292
pinfobs     0.8403  0.6913  0.5698  0.4683  0.3849
dy          0.3636  0.2142  0.1407  0.0941  0.0546
dc          0.4166  0.2003  0.1154  0.0728  0.0519
dinve       0.6687  0.4390  0.2764  0.1566  0.0697
dw          0.0481 -0.0045 -0.0063 -0.0044 -0.0090



VARIANCE DECOMPOSITION SIMULATING ONE SHOCK AT A TIME (in percent)
                      eta_a             eta_b             eta_g             eta_i             eta_r             eta_p             eta_w  Tot. lin. contr.
mc                    19.75              0.56              0.23              1.01              2.13             23.81             50.62             98.11
zcap                   6.19              2.20              9.27             55.83              4.86             13.08              8.69            100.11
rk                     6.19              2.20              9.27             55.83              4.86             13.08              8.69            100.11
k                      9.75              1.23              2.44             63.29              6.16             15.05              2.18            100.11
q                      0.33             38.45              0.42             53.84              5.14              1.35              0.45             99.99
c                      9.07              9.82             11.55             22.97             15.55             21.41             11.06            101.43
inve                   6.86              1.72              1.95             65.33              6.98             15.52              1.66            100.03
y                     22.23              5.84              3.36             31.62             12.24             20.65              5.56            101.50
lab                    3.26              8.93              8.30             29.95             16.41             25.47              8.25            100.56
pinf                  11.91              0.22              1.43              0.71              1.36             69.35             16.69            101.65
w                      9.59              0.53              0.37              8.67              2.99             26.23             51.82            100.20
r                     16.04              9.83              7.71             30.56             17.34             10.00              8.81            100.29
kp                     9.77              1.03              3.28             65.75              5.48             12.76              2.02            100.10
eps_a                100.00              0.00              0.00              0.00              0.00              0.00              0.00            100.00
eps_b                  0.00            100.00              0.00              0.00              0.00              0.00              0.00            100.00
eps_g                 19.46              0.00             81.94              0.00              0.00              0.00              0.00            101.39
eps_i                  0.00              0.00              0.00            100.00              0.00              0.00              0.00            100.00
eps_r                  0.00              0.00              0.00              0.00            100.00              0.00              0.00            100.00
eps_p                  0.00              0.00              0.00              0.00              0.00            100.00              0.00            100.00
eps_w                  0.00              0.00              0.00              0.00              0.00              0.00            100.00            100.00
labobs                 3.26              8.93              8.30             29.95             16.41             25.47              8.25            100.56
robs                  16.04              9.83              7.71             30.56             17.34             10.00              8.81            100.29
pinfobs               11.91              0.22              1.43              0.71              1.36             69.35             16.69            101.65
dy                     9.30             30.81             20.90             20.20              9.92              7.71              0.91             99.73
dc                     1.12             66.43              2.30              8.10             13.05              7.97              1.50            100.47
dinve                  1.51              8.10              0.66             75.31              6.30              7.03              0.49             99.38
dw                     0.57              0.04              0.01              0.45              0.18             12.91             85.62             99.79
Note: numbers do not add up to 100 due to non-zero correlation of simulated shocks in small samples

Total computing time : 0h01m03s
Note: 3 warning(s) encountered in the preprocessor
