Starting Dynare (version 4.5.4).
Starting preprocessing of the model file ...
WARNING: SW_Estimation_REE.mod:8.12-12.44: Symbol rho_ga declared twice.
WARNING: SW_Estimation_REE.mod:8.12-12.55: Symbol mu_w declared twice.
WARNING: SW_Estimation_REE.mod:8.12-12.60: Symbol mu_p declared twice.
Substitution of exo lags: added 2 auxiliary variables and equations.
Found 29 equation(s).
Evaluating expressions...done
Computing static model derivatives:
 - order 1
Computing dynamic model derivatives:
 - order 1
 - order 2
Processing outputs ...
done
Preprocessing completed.
lab:matlab.internal.language.introspective.errorDocCallback('main', 'c:\users\tolga\desktop\zlb_paper\SW_estimations_subsample\ree_based_initialization\VAR_estimation\main.m', 43)" style="font-weight:bold">main</a> (<a href="matlab: opentoline('c:\users\tolga\desktop\zlb_paper\SW_estimations_subsample\ree_based_initialization\VAR_estimation\main.m',43,0)">line 43</a>)
 init_H_fullSample=nhess_diagonal(@likelihood,param_init);} 
edit KF_VAR
main
{Error using <a href="matlab:matlab.internal.language.introspective.errorDocCallback('load')" style="font-weight:bold">load</a>
Unable to read file 'AR1_initial_beliefs.mat'. No such file or directory.
Error in <a href="matlab:matlab.internal.language.introspective.errorDocCallback('KF_VAR', 'c:\users\tolga\desktop\zlb_paper\SW_estimations_subsample\ree_based_initialization\VAR_estimation\KF_VAR.m', 88)" style="font-weight:bold">KF_VAR</a> (<a href="matlab: opentoline('c:\users\tolga\desktop\zlb_paper\SW_estimations_subsample\ree_based_initialization\VAR_estimation\KF_VAR.m',88,0)">line 88</a>)
load('AR1_initial_beliefs.mat');
Error in <a href="matlab:matlab.internal.language.introspective.errorDocCallback('likelihood', 'c:\users\tolga\desktop\zlb_paper\SW_estimations_subsample\ree_based_initialization\VAR_estimation\likelihood.m', 4)" style="font-weight:bold">likelihood</a> (<a href="matlab: opentoline('c:\users\tolga\desktop\zlb_paper\SW_estimations_subsample\ree_based_initialization\VAR_estimation\likelihood.m',4,0)">line 4</a>)
likl=KF_VAR(theta);
Error in <a href="matlab:matlab.internal.language.introspective.errorDocCallback('nhess_diagonal', 'c:\users\tolga\desktop\zlb_paper\SW_estimations_subsample\ree_based_initialization\VAR_estimation\nhess_diagonal.m', 22)" style="font-weight:bold">nhess_diagonal</a> (<a href="matlab: opentoline('c:\users\tolga\desktop\zlb_paper\SW_estimations_subsample\ree_based_initialization\VAR_estimation\nhess_diagonal.m',22,0)">line 22</a>)
fx    = feval(fcn,para,varargin{:});	% evaluate function
Error in <a href="matlab:matlab.internal.language.introspective.errorDocCallback('main', 'c:\users\tolga\desktop\zlb_paper\SW_estimations_subsample\ree_based_initialization\VAR_estimation\main.m', 43)" style="font-weight:bold">main</a> (<a href="matlab: opentoline('c:\users\tolga\desktop\zlb_paper\SW_estimations_subsample\ree_based_initialization\VAR_estimation\main.m',43,0)">line 43</a>)
 init_H_fullSample=nhess_diagonal(@likelihood,param_init);} 
edit SW_Estimation_REE.mod
beliefs_initialization_AR1;main

Configuring Dynare ...
[mex] Generalized QZ.
[mex] Sylvester equation solution.
[mex] Kronecker products.
[mex] Sparse kronecker products.
[mex] Local state space iteration (second order).
[mex] Bytecode evaluation.
[mex] k-order perturbation solver.
[mex] k-order solution simulation.
[mex] Quasi Monte-Carlo sequence (Sobol).
[mex] Markov Switching SBVAR.

Using 64-bit preprocessor
Starting Dynare (version 4.5.4).
Starting preprocessing of the model file ...
WARNING: SW_Estimation_REE.mod:8.12-12.44: Symbol rho_ga declared twice.
WARNING: SW_Estimation_REE.mod:8.12-12.55: Symbol mu_w declared twice.
WARNING: SW_Estimation_REE.mod:8.12-12.60: Symbol mu_p declared twice.
Substitution of exo lags: added 2 auxiliary variables and equations.
Found 29 equation(s).
Evaluating expressions...done
Computing static model derivatives:
 - order 1
Computing dynamic model derivatives:
 - order 1
 - order 2
Processing outputs ...
done
Preprocessing completed.


You did not declare endogenous variables after the estimation/calib_smoother command.
Initial value of the log posterior (or likelihood): -1567.3456
                                            First-order      Norm of
 Iter F-count            f(x)  Feasibility   optimality         step
    0      35    1.567346e+03    0.000e+00    1.419e+03
    1      75    1.384489e+03    0.000e+00    6.267e+02    4.210e-01
    2     112    1.368985e+03    0.000e+00    1.822e+03    8.853e-02
    3     150    1.354822e+03    0.000e+00    3.428e+02    1.333e-01
    4     187    1.343421e+03    0.000e+00    7.356e+02    1.912e-01
    5     225    1.336906e+03    0.000e+00    9.120e+02    1.394e-01
    6     261    1.304536e+03    0.000e+00    1.098e+03    8.301e-01
    7     297    1.276097e+03    0.000e+00    7.363e+02    1.737e+00
    8     334    1.274723e+03    0.000e+00    1.058e+03    8.162e-01
    9     371    1.269190e+03    0.000e+00    7.303e+02    4.087e-01
   10     408    1.263542e+03    0.000e+00    5.266e+02    1.015e+00
User objective function returned Inf; trying a new point...
   11     444    1.252948e+03    0.000e+00    3.498e+02    2.354e+00
   12     479    1.249232e+03    0.000e+00    4.241e+02    2.093e+00
   13     520    1.244644e+03    0.000e+00    9.091e+02    1.969e-01
   14     557    1.241657e+03    0.000e+00    8.337e+02    5.380e-02
   15     593    1.212673e+03    0.000e+00    3.431e+02    2.298e+00
   16     630    1.204142e+03    0.000e+00    4.618e+02    8.236e-01
   17     666    1.196054e+03    0.000e+00    3.836e+02    2.383e-01
   18     704    1.191760e+03    0.000e+00    3.947e+02    2.391e-01
   19     741    1.190086e+03    0.000e+00    3.843e+02    2.988e-01
   20     778    1.190088e+03    0.000e+00    4.220e+02    6.736e-01
   21     815    1.186309e+03    0.000e+00    4.402e+02    9.940e-01
   22     851    1.179964e+03    0.000e+00    3.934e+02    2.853e-01
   23     888    1.171710e+03    0.000e+00    3.481e+02    5.754e-01
   24     925    1.170397e+03    0.000e+00    3.224e+02    3.674e-01
   25     962    1.168618e+03    0.000e+00    3.129e+02    1.902e-01
   26    1004    1.167707e+03    0.000e+00    1.880e+02    4.177e-02
   27    1040    1.167589e+03    0.000e+00    4.745e+01    2.197e-01
   28    1080    1.167356e+03    0.000e+00    7.231e+01    8.099e-02
   29    1116    1.167153e+03    0.000e+00    8.881e+01    1.144e-01
   30    1154    1.167061e+03    0.000e+00    9.538e+01    4.457e-01

                                            First-order      Norm of
 Iter F-count            f(x)  Feasibility   optimality         step
   31    1192    1.166438e+03    0.000e+00    1.540e+02    5.001e-01
   32    1229    1.165436e+03    0.000e+00    9.789e+01    6.864e-01
   33    1266    1.164160e+03    0.000e+00    1.300e+02    2.117e-01
   34    1303    1.163728e+03    0.000e+00    2.020e+02    4.140e-01
   35    1341    1.163474e+03    0.000e+00    2.056e+02    4.813e-01
   36    1378    1.162416e+03    0.000e+00    1.969e+02    2.525e-01
   37    1415    1.161593e+03    0.000e+00    1.742e+02    1.025e-01
   38    1452    1.160273e+03    0.000e+00    2.964e+02    1.290e+00
   39    1489    1.159727e+03    0.000e+00    3.487e+02    5.384e-01
   40    1525    1.157723e+03    0.000e+00    3.509e+02    4.357e-01
   41    1561    1.157053e+03    0.000e+00    1.886e+02    4.533e-01
   42    1597    1.152527e+03    0.000e+00    2.659e+02    9.260e-01
   43    1633    1.150992e+03    0.000e+00    3.195e+02    2.112e-01
   44    1670    1.150130e+03    0.000e+00    4.653e+02    2.982e-01
   45    1707    1.144998e+03    0.000e+00    2.044e+02    5.414e-01
   46    1744    1.144290e+03    0.000e+00    7.472e+01    2.115e-01
   47    1780    1.139323e+03    0.000e+00    4.003e+02    7.669e-01
   48    1816    1.136935e+03    0.000e+00    3.716e+02    6.408e-01
   49    1853    1.135040e+03    0.000e+00    4.597e+02    2.519e-01
   50    1889    1.134129e+03    0.000e+00    2.398e+02    4.710e-01
   51    1927    1.133944e+03    0.000e+00    2.004e+02    1.200e-01
   52    1964    1.132867e+03    0.000e+00    3.988e+01    2.518e-01
   53    1999    1.132322e+03    0.000e+00    5.100e+01    1.009e-01
   54    2034    1.132062e+03    0.000e+00    4.582e+01    1.695e-01
   55    2069    1.131886e+03    0.000e+00    2.575e+01    1.412e-01
   56    2104    1.131741e+03    0.000e+00    1.245e+01    1.838e-01
   57    2139    1.131709e+03    0.000e+00    3.147e+01    8.152e-02
   58    2174    1.131665e+03    0.000e+00    1.035e+01    8.209e-02
   59    2209    1.131635e+03    0.000e+00    4.639e+00    6.202e-02
   60    2244    1.131628e+03    0.000e+00    2.607e+00    2.376e-02

                                            First-order      Norm of
 Iter F-count            f(x)  Feasibility   optimality         step
   61    2279    1.131628e+03    0.000e+00    2.331e+00    1.712e-02
   62    2314    1.131626e+03    0.000e+00    2.928e+00    1.482e-02
   63    2349    1.131626e+03    0.000e+00    2.527e+00    1.150e-02
   64    2384    1.131625e+03    0.000e+00    1.099e+00    8.541e-03
   65    2419    1.131625e+03    0.000e+00    7.434e-01    5.174e-03
   66    2454    1.131625e+03    0.000e+00    5.142e-01    3.576e-03
   67    2489    1.131624e+03    0.000e+00    3.765e-01    3.838e-03
   68    2524    1.131612e+03    0.000e+00    1.844e+00    2.989e-02
   69    2559    1.131611e+03    0.000e+00    4.710e-01    1.822e-03
   70    2594    1.131611e+03    0.000e+00    2.078e-01    1.878e-03
   71    2629    1.131611e+03    0.000e+00    1.022e-01    1.217e-03
   72    2664    1.131611e+03    0.000e+00    6.040e-02    1.111e-03
   73    2699    1.131611e+03    0.000e+00    6.844e-02    8.747e-04
   74    2734    1.131611e+03    0.000e+00    4.096e-02    4.741e-04
   75    2769    1.131611e+03    0.000e+00    2.000e-02    2.094e-04
   76    2804    1.131611e+03    0.000e+00    3.502e-02    5.440e-03
   77    2839    1.131611e+03    0.000e+00    3.309e-02    2.405e-04
   78    2874    1.131611e+03    0.000e+00    9.152e-03    1.051e-04
   79    2909    1.131611e+03    0.000e+00    4.000e-03    1.266e-04
   80    2944    1.131611e+03    0.000e+00    3.489e-02    6.235e-04
   81    2979    1.131611e+03    0.000e+00    2.042e-02    7.460e-04
   82    3014    1.131611e+03    0.000e+00    5.374e-03    2.061e-04
   83    3049    1.131611e+03    0.000e+00    2.773e-03    1.260e-04
   84    3084    1.131611e+03    0.000e+00    8.000e-04    5.290e-05
   85    3119    1.131611e+03    0.000e+00    1.673e-03    1.689e-04
   86    3154    1.131611e+03    0.000e+00    2.261e-03    5.773e-05
   87    3189    1.131611e+03    0.000e+00    8.214e-04    3.479e-05
   88    3224    1.131611e+03    0.000e+00    1.523e-03    2.406e-05
   89    3259    1.131611e+03    0.000e+00    3.483e-04    2.541e-05

<a href = "matlab: helpview([docroot '/toolbox/optim/msg_csh/optim_msg_csh.map'],'local_min_poss_with_constr','CSHelpWindow');">Local minimum possible. Constraints satisfied</a>.

fmincon stopped because the <a href = "matlab: helpview([docroot '/toolbox/optim/msg_csh/optim_msg_csh.map'],'norm_curr_step_simple_fminconip','CSHelpWindow');">size of the current step</a> is less than
the selected value of the <a href = "matlab: helpview([docroot '/toolbox/optim/msg_csh/optim_msg_csh.map'],'step_size_tol','CSHelpWindow');">step size tolerance</a> and constraints are 
satisfied to within the default value of the <a href = "matlab: helpview([docroot '/toolbox/optim/msg_csh/optim_msg_csh.map'],'constraint_tolerance','CSHelpWindow');">constraint tolerance</a>.

<<a href = "matlab: createExitMsg('barrier',2.000000e+00,true,true,'fmincon',9.646701e-07,'selected',1.000000e-06,0.000000e+00,'default',1.000000e-06,0.000000e+00,'',0.000000e+00);">stopping criteria details</a>>


Final value of minus the log posterior (or likelihood):1131.610870 

RESULTS FROM POSTERIOR ESTIMATION
parameters
         prior mean     mode    s.d. prior pstdev

phi          4.000   4.8713  1.0734 norm  1.5000 
sigma_c      1.500   1.3552  0.1234 norm  0.3750 
lambda       0.700   0.7481  0.0512 beta  0.1000 
xi_w         0.500   0.9275  0.0209 beta  0.1000 
sigma_l      2.000   1.9788  0.7486 norm  0.7500 
xi_p         0.500   0.8017  0.0425 beta  0.1000 
iota_w       0.500   0.8407  0.0689 beta  0.1500 
iota_p       0.500   0.0706  0.0341 beta  0.1500 
psi          0.500   0.8296  0.0770 beta  0.1500 
phi_p        1.250   1.5870  0.0743 norm  0.1250 
r_pi         1.500   1.5027  0.1696 norm  0.2500 
rho          0.750   0.8483  0.0231 beta  0.1000 
r_y          0.125   0.0518  0.0254 norm  0.0500 
r_dy         0.125   0.1660  0.0197 norm  0.0500 
pi_bar       0.625   0.7524  0.0733 gamm  0.1000 
beta_const   0.250   0.2100  0.0917 gamm  0.1000 
l_bar        0.000  -1.1983  1.1489 norm  2.0000 
gamma_bar    0.400   0.4005  0.0176 norm  0.1000 
rho_ga       0.500   0.5349  0.0780 norm  0.2500 
alpha        0.300   0.1742  0.0412 norm  0.0500 
rho_a        0.500   0.9646  0.0101 beta  0.2000 
rho_b        0.500   0.3562  0.0908 beta  0.2000 
rho_g        0.500   0.9777  0.0061 beta  0.2000 
rho_i        0.500   0.8323  0.0523 beta  0.2000 
rho_r        0.500   0.0836  0.0475 beta  0.2000 
rho_p        0.500   0.8147  0.0574 beta  0.2000 
rho_w        0.500   0.0646  0.0423 beta  0.2000 

standard deviation of shocks
         prior mean     mode    s.d. prior pstdev

eta_a        0.100   0.4391  0.0252 invg  2.0000 
eta_b        0.100   0.2093  0.0265 invg  2.0000 
eta_g        0.100   0.4912  0.0245 invg  2.0000 
eta_i        0.100   0.3623  0.0349 invg  2.0000 
eta_r        0.100   0.2092  0.0114 invg  2.0000 
eta_p        0.100   0.0550  0.0110 invg  2.0000 
eta_w        0.100   0.3711  0.0233 invg  2.0000 


Log data density [Laplace approximation] is -1213.139404.


MODEL SUMMARY

  Number of variables:         29
  Number of stochastic shocks: 7
  Number of state variables:   16
  Number of jumpers:           7
  Number of static variables:  10


MATRIX OF COVARIANCE OF EXOGENOUS SHOCKS
Variables       eta_a     eta_b     eta_g     eta_i     eta_r     eta_p     eta_w
eta_a        0.192825  0.000000  0.000000  0.000000  0.000000  0.000000  0.000000
eta_b        0.000000  0.043792  0.000000  0.000000  0.000000  0.000000  0.000000
eta_g        0.000000  0.000000  0.241298  0.000000  0.000000  0.000000  0.000000
eta_i        0.000000  0.000000  0.000000  0.131226  0.000000  0.000000  0.000000
eta_r        0.000000  0.000000  0.000000  0.000000  0.043753  0.000000  0.000000
eta_p        0.000000  0.000000  0.000000  0.000000  0.000000  0.003022  0.000000
eta_w        0.000000  0.000000  0.000000  0.000000  0.000000  0.000000  0.137696

POLICY AND TRANSITION FUNCTIONS
                                  mc            zcap              rk               k               q               c            inve               y             lab            pinf               w               r              kp           eps_a           eps_b           eps_g           eps_i           eps_r           eps_p           eps_w          labobs            robs         pinfobs              dy              dc           dinve              dw
Constant                           0               0               0               0               0               0               0               0               0               0               0               0               0               0               0               0               0               0               0               0       -1.198284        1.154180        0.752412        0.400495        0.400495        0.400495        0.400495
y(-1)                       0.017226        0.019904        0.096890        0.019904        0.506943        0.143444        0.304669        0.158014        0.116371        0.011844        0.000423       -0.135794        0.008800               0               0               0               0               0               0               0        0.116371       -0.135794        0.011844       -0.841986        0.143444        0.304669        0.000423
r(-1)                      -0.088055       -0.101742       -0.495270       -0.101742       -2.591315       -0.733238       -1.557362       -0.807712       -0.594847       -0.060542       -0.002165        0.694134       -0.044984               0               0               0               0               0               0               0       -0.594847        0.694134       -0.060542       -0.807712       -0.733238       -1.557362       -0.002165
kp(-1)                     -0.157090       -0.204118       -0.993622        0.795882       -0.177569        0.030328       -0.152534       -0.064511       -0.217094       -0.025316        0.019354       -0.016983        0.966710               0               0               0               0               0               0               0       -0.217094       -0.016983       -0.025316       -0.064511        0.030328       -0.152534        0.019354
eps_a(-1)                  -1.021109       -0.183647       -0.893971       -0.183647       -0.296377       -0.075936       -0.000504       -0.089680       -1.197724       -0.143331        0.120105       -0.050957       -0.000015        0.964578               0               0               0               0               0               0       -1.197724       -0.050957       -0.143331       -0.089680       -0.075936       -0.000504        0.120105
eps_b(-1)                   0.098014        0.109193        0.531539        0.109193        4.446911        0.993567        1.085743        0.861292        0.634158        0.013501        0.006573        0.152785        0.031361               0        0.356217               0               0               0               0               0        0.634158        0.152785        0.013501        0.861292        0.993567        1.085743        0.006573
eps_g(-1)                   0.074876        0.104164        0.507059        0.104164       -0.394702       -0.154464       -0.267109        0.851182        0.627505        0.019293       -0.016282        0.152348       -0.007715               0               0        0.977725               0               0               0               0        0.627505        0.152348        0.019293        0.851182       -0.154464       -0.267109       -0.016282
eps_i(-1)                   0.102476        0.087925        0.428010        0.087925       -2.713419       -0.170353        3.337067        0.656158        0.482121        0.004186        0.033814        0.115006        0.214432               0               0               0        0.832267               0               0               0        0.482121        0.115006        0.004186        0.656158       -0.170353        3.337067        0.033814
eps_r(-1)                  -0.009445       -0.010918       -0.053149       -0.010918       -0.274113       -0.078165       -0.168572       -0.086686       -0.063841       -0.006600       -0.000227        0.067027       -0.004869               0               0               0               0        0.083599               0               0       -0.063841        0.067027       -0.006600       -0.086686       -0.078165       -0.168572       -0.000227
eps_p(-1)                  -3.964810       -0.793825       -3.864253       -0.793825        1.592853       -0.230450       -3.493327       -1.100216       -0.672059        3.792935       -3.986019        0.673252       -0.100903               0               0               0               0               0        0.814704               0       -0.672059        0.673252        3.792935       -1.100216       -0.230450       -3.493327       -3.986019
eps_w(-1)                   0.116145        0.020399        0.099300        0.020399        0.036691       -0.003746        0.013527        0.005639               0        0.012522        0.119698        0.003834        0.000391               0               0               0               0               0               0        0.064567               0        0.003834        0.012522        0.005639       -0.003746        0.013527        0.119698
c(-1)                       0.049593        0.059128        0.287828        0.059128       -0.165058        0.782528       -0.050244        0.471915        0.347613        0.005629       -0.000656        0.083310       -0.001451               0               0               0               0               0               0               0        0.347613        0.083310        0.005629        0.471915       -0.217472       -0.050244       -0.000656
inve(-1)                    0.023238        0.025488        0.124074        0.025488       -0.143599        0.015879        0.836832        0.200476        0.147593        0.000711        0.001969        0.035008        0.024171               0               0               0               0               0               0               0        0.147593        0.035008        0.000711        0.200476        0.015879       -0.163168        0.001969
pinf(-1)                    0.646548        0.111894        0.544685        0.111894        0.159090       -0.034840        0.044986        0.015918       -0.011455        0.139780        0.668034        0.034626        0.001299               0               0               0               0               0               0               0       -0.011455        0.034626        0.139780        0.015918       -0.034840        0.044986        0.668034
w(-1)                       0.850219        0.149264        0.726601        0.149264        0.248439       -0.025634        0.091603        0.040700       -0.000428        0.085431        0.876293        0.026546        0.002646               0               0               0               0               0               0               0       -0.000428        0.026546        0.085431        0.040700       -0.025634        0.091603       -0.123707
eta_a                      -0.989301       -0.100657       -0.489988       -0.100657        0.310867        0.072778        0.354613        0.632666       -0.706951       -0.118553        0.116305       -0.192901        0.010243        1.000000               0        0.534892               0               0               0               0       -0.706951       -0.192901       -0.118553        0.632666        0.072778        0.354613        0.116305
eta_b                       0.275152        0.306535        1.492176        0.306535       12.483706        2.789217        3.047979        2.417884        1.780257        0.037900        0.018454        0.428911        0.088039               0        1.000000               0               0               0               0               0        1.780257        0.428911        0.037900        2.417884        2.789217        3.047979        0.018454
eta_g                       0.076582        0.106537        0.518611        0.106537       -0.403695       -0.157983       -0.273194        0.870574        0.641801        0.019732       -0.016652        0.155819       -0.007891               0               0        1.000000               0               0               0               0        0.641801        0.155819        0.019732        0.870574       -0.157983       -0.273194       -0.016652
eta_i                       0.123129        0.105645        0.514270        0.105645       -3.260276       -0.204686        4.009613        0.788399        0.579287        0.005030        0.040628        0.138185        0.257648               0               0               0        1.000000               0               0               0        0.579287        0.138185        0.005030        0.788399       -0.204686        4.009613        0.040628
eta_r                      -0.112985       -0.130605       -0.635768       -0.130605       -3.278915       -0.935004       -2.016439       -1.036924       -0.763654       -0.078954       -0.002718        0.801768       -0.058244               0               0               0               0        1.000000               0               0       -0.763654        0.801768       -0.078954       -1.036924       -0.935004       -2.016439       -0.002718
eta_p                      -4.866565       -0.974373       -4.743138       -0.974373        1.955131       -0.282864       -4.287848       -1.350449       -0.824912        4.655600       -4.892598        0.826376       -0.123852               0               0               0               0               0        1.000000               0       -0.824912        0.826376        4.655600       -1.350449       -0.282864       -4.287848       -4.892598
eta_w                       1.798843        0.315936        1.537943        0.315936        0.568269       -0.058015        0.209502        0.087343        0.000007        0.193936        1.853873        0.059384        0.006051               0               0               0               0               0               0        1.000000        0.000007        0.059384        0.193936        0.087343       -0.058015        0.209502        1.853873


MOMENTS OF SIMULATED VARIABLES
VARIABLE              MEAN       STD. DEV.        VARIANCE        SKEWNESS        KURTOSIS
mc               -0.005018        2.841822        8.075950       -0.040990       -0.142758
zcap              0.038922        1.066030        1.136419       -0.049226       -0.246257
rk                0.189466        5.189313       26.928971       -0.049226       -0.246257
k                -0.143029        6.605730       43.635668        0.047273        0.049774
q                 0.053808        4.307325       18.553047        0.014553        0.012136
c                -0.047423        5.213624       27.181876        0.159513       -0.029169
inve             -0.110950       13.779313      189.869479        0.065116        0.115716
y                 0.081658        5.854650       34.276923        0.005398        0.095848
lab               0.131018        3.324496       11.052274        0.051899        0.040099
pinf              0.003982        0.511359        0.261488       -0.008934        0.148858
w                -0.084582        3.018854        9.113479        0.041108        0.001198
r                -0.004299        0.584064        0.341130       -0.173830        0.147061
kp               -0.181146        7.366518       54.265584        0.062055       -0.005589
eps_a            -0.031829        1.650235        2.723276        0.217285       -0.029149
eps_b            -0.002257        0.222543        0.049526       -0.011160        0.013673
eps_g             0.125236        2.432501        5.917061        0.003520       -0.020593
eps_i            -0.008787        0.629358        0.396091       -0.012691        0.231996
eps_r            -0.002652        0.208998        0.043680       -0.004602        0.009387
eps_p            -0.000344        0.094652        0.008959        0.089841        0.089502
eps_w            -0.002193        0.367462        0.135029        0.004647       -0.012303
labobs           -1.067266        3.324496       11.052274        0.051899        0.040099
robs              1.149880        0.584064        0.341130       -0.173830        0.147061
pinfobs           0.756394        0.511359        0.261488       -0.008934        0.148858
dy                0.401338        0.964470        0.930203       -0.037996       -0.017077
dc                0.401176        0.748237        0.559858       -0.013211        0.036615
dinve             0.402411        2.318874        5.377177        0.048399        0.013605
dw                0.401228        0.748649        0.560475       -0.017429        0.036014


CORRELATION OF SIMULATED VARIABLES
VARIABLE         mc     zcap       rk        k        q        c     inve        y      lab     pinf        w        r       kp    eps_a    eps_b    eps_g    eps_i    eps_r    eps_p    eps_w   labobs     robs  pinfobs       dy       dc    dinve       dw
mc           1.0000   0.3350   0.3350   0.2384  -0.0668   0.0657   0.2215   0.1278   0.3342   0.2816   0.7295   0.4128   0.1742  -0.4365   0.0377  -0.0893   0.1370   0.0019  -0.3255   0.2568   0.3342   0.4128   0.2816  -0.0531  -0.0209  -0.0311   0.1298
zcap         0.3350   1.0000   1.0000  -0.6739   0.1451  -0.4010   0.0596  -0.0580   0.2878   0.1000  -0.0725   0.2845  -0.7234  -0.1386   0.0997   0.1955   0.0610  -0.0236  -0.2077   0.1198   0.2878   0.2845   0.1000   0.2638   0.1919   0.3027   0.1358
rk           0.3350   1.0000   1.0000  -0.6739   0.1451  -0.4010   0.0596  -0.0580   0.2878   0.1000  -0.0725   0.2845  -0.7234  -0.1386   0.0997   0.1955   0.0610  -0.0236  -0.2077   0.1198   0.2878   0.2845   0.1000   0.2638   0.1919   0.3027   0.1358
k            0.2384  -0.6739  -0.6739   1.0000  -0.2600   0.7735   0.5284   0.6590   0.3728  -0.0723   0.6192  -0.0199   0.9967   0.1558   0.0033   0.0026   0.2136  -0.0100  -0.1051   0.0195   0.3728  -0.0199  -0.0723  -0.1840  -0.0654  -0.2685  -0.0066
q           -0.0668   0.1451   0.1451  -0.2600   1.0000   0.0409  -0.4285  -0.2099  -0.2074  -0.0120  -0.0910  -0.3877  -0.2781   0.0571   0.6255  -0.0368  -0.6711  -0.1766  -0.0266   0.0326  -0.2074  -0.3877  -0.0120   0.2562   0.5198   0.0139   0.0017
c            0.0657  -0.4010  -0.4010   0.7735   0.0409   1.0000   0.6169   0.7704   0.5596  -0.1960   0.3871  -0.2106   0.7641   0.2520   0.1666  -0.1597   0.0668  -0.0541  -0.1600  -0.0226   0.5596  -0.2106  -0.1960  -0.0563   0.0718  -0.1636   0.0296
inve         0.2215   0.0596   0.0596   0.5284  -0.4285   0.6169   1.0000   0.8593   0.7855  -0.1671   0.3936   0.2329   0.5132   0.2458   0.0692   0.0185   0.6106  -0.0381  -0.2319   0.0141   0.7855   0.2329  -0.1671   0.1511   0.2513   0.0847   0.0919
y            0.1278  -0.0580  -0.0580   0.6590  -0.2099   0.7704   0.8593   1.0000   0.8150  -0.2057   0.4449   0.0466   0.6329   0.4202   0.1171   0.3485   0.3627  -0.0525  -0.2297   0.0056   0.8150   0.0466  -0.2057   0.0824   0.1690  -0.0309   0.0792
lab          0.3342   0.2878   0.2878   0.3728  -0.2074   0.5596   0.7855   0.8150   1.0000  -0.0368   0.2092   0.3283   0.3315  -0.1017   0.1676   0.2298   0.4036  -0.0515  -0.2580   0.0033   1.0000   0.3283  -0.0368   0.1227   0.2066   0.0340   0.0857
pinf         0.2816   0.1000   0.1000  -0.0723  -0.0120  -0.1960  -0.1671  -0.2057  -0.0368   1.0000   0.0543   0.5004  -0.0859  -0.3481   0.0344  -0.0447   0.0115  -0.0327   0.8017   0.1543  -0.0368   0.5004   1.0000  -0.2252  -0.2046  -0.1968  -0.1280
w            0.7295  -0.0725  -0.0725   0.6192  -0.0910   0.3871   0.3936   0.4449   0.2092   0.0543   1.0000   0.0839   0.5723   0.2147  -0.0060   0.0888   0.1277  -0.0056  -0.3030   0.2449   0.2092   0.0839   0.0543  -0.0844  -0.0407  -0.1046   0.1246
r            0.4128   0.2845   0.2845  -0.0199  -0.3877  -0.2106   0.2329   0.0466   0.3283   0.5004   0.0839   1.0000  -0.0394  -0.4282   0.2206   0.0611   0.4387   0.3086   0.2454   0.0607   0.3283   1.0000   0.5004  -0.0528  -0.0826  -0.0691  -0.0150
kp           0.1742  -0.7234  -0.7234   0.9967  -0.2781   0.7641   0.5132   0.6329   0.3315  -0.0859   0.5723  -0.0394   1.0000   0.1683  -0.0073  -0.0240   0.2225  -0.0073  -0.0752   0.0011   0.3315  -0.0394  -0.0859  -0.1848  -0.0695  -0.2644  -0.0191
eps_a       -0.4365  -0.1386  -0.1386   0.1558   0.0571   0.2520   0.2458   0.4202  -0.1017  -0.3481   0.2147  -0.4282   0.1683   1.0000  -0.0194   0.3949  -0.0097  -0.0247  -0.0110  -0.0066  -0.1017  -0.4282  -0.3481   0.1084   0.0797   0.0614   0.0390
eps_b        0.0377   0.0997   0.0997   0.0033   0.6255   0.1666   0.0692   0.1171   0.1676   0.0344  -0.0060   0.2206  -0.0073  -0.0194   1.0000  -0.0292   0.0124  -0.0077   0.0059  -0.0016   0.1676   0.2206   0.0344   0.5293   0.7539   0.2868   0.0123
eps_g       -0.0893   0.1955   0.1955   0.0026  -0.0368  -0.1597   0.0185   0.3485   0.2298  -0.0447   0.0888   0.0611  -0.0240   0.3949  -0.0292   1.0000   0.0167  -0.0067  -0.0353   0.0122   0.2298   0.0611  -0.0447   0.0538  -0.0200  -0.0021   0.0233
eps_i        0.1370   0.0610   0.0610   0.2136  -0.6711   0.0668   0.6106   0.3627   0.4036   0.0115   0.1277   0.4387   0.2225  -0.0097   0.0124   0.0167   1.0000   0.0076  -0.0269   0.0178   0.4036   0.4387   0.0115   0.3563   0.0685   0.6084   0.0643
eps_r        0.0019  -0.0236  -0.0236  -0.0100  -0.1766  -0.0541  -0.0381  -0.0525  -0.0515  -0.0327  -0.0056   0.3086  -0.0073  -0.0247  -0.0077  -0.0067   0.0076   1.0000  -0.0065  -0.0010  -0.0515   0.3086  -0.0327  -0.2367  -0.2744  -0.1845  -0.0048
eps_p       -0.3255  -0.2077  -0.2077  -0.1051  -0.0266  -0.1600  -0.2319  -0.2297  -0.2580   0.8017  -0.3030   0.2454  -0.0752  -0.0110   0.0059  -0.0353  -0.0269  -0.0065   1.0000   0.0006  -0.2580   0.2454   0.8017  -0.2135  -0.2020  -0.2023  -0.2193
eps_w        0.2568   0.1198   0.1198   0.0195   0.0326  -0.0226   0.0141   0.0056   0.0033   0.1543   0.2449   0.0607   0.0011  -0.0066  -0.0016   0.0122   0.0178  -0.0010   0.0006   1.0000   0.0033   0.0607   0.1543   0.0483  -0.0223   0.0361   0.9060
labobs       0.3342   0.2878   0.2878   0.3728  -0.2074   0.5596   0.7855   0.8150   1.0000  -0.0368   0.2092   0.3283   0.3315  -0.1017   0.1676   0.2298   0.4036  -0.0515  -0.2580   0.0033   1.0000   0.3283  -0.0368   0.1227   0.2066   0.0340   0.0857
robs         0.4128   0.2845   0.2845  -0.0199  -0.3877  -0.2106   0.2329   0.0466   0.3283   0.5004   0.0839   1.0000  -0.0394  -0.4282   0.2206   0.0611   0.4387   0.3086   0.2454   0.0607   0.3283   1.0000   0.5004  -0.0528  -0.0826  -0.0691  -0.0150
pinfobs      0.2816   0.1000   0.1000  -0.0723  -0.0120  -0.1960  -0.1671  -0.2057  -0.0368   1.0000   0.0543   0.5004  -0.0859  -0.3481   0.0344  -0.0447   0.0115  -0.0327   0.8017   0.1543  -0.0368   0.5004   1.0000  -0.2252  -0.2046  -0.1968  -0.1280
dy          -0.0531   0.2638   0.2638  -0.1840   0.2562  -0.0563   0.1511   0.0824   0.1227  -0.2252  -0.0844  -0.0528  -0.1848   0.1084   0.5293   0.0538   0.3563  -0.2367  -0.2135   0.0483   0.1227  -0.0528  -0.2252   1.0000   0.6333   0.7071   0.1378
dc          -0.0209   0.1919   0.1919  -0.0654   0.5198   0.0718   0.2513   0.1690   0.2066  -0.2046  -0.0407  -0.0826  -0.0695   0.0797   0.7539  -0.0200   0.0685  -0.2744  -0.2020  -0.0223   0.2066  -0.0826  -0.2046   0.6333   1.0000   0.3500   0.0398
dinve       -0.0311   0.3027   0.3027  -0.2685   0.0139  -0.1636   0.0847  -0.0309   0.0340  -0.1968  -0.1046  -0.0691  -0.2644   0.0614   0.2868  -0.0021   0.6084  -0.1845  -0.2023   0.0361   0.0340  -0.0691  -0.1968   0.7071   0.3500   1.0000   0.1188
dw           0.1298   0.1358   0.1358  -0.0066   0.0017   0.0296   0.0919   0.0792   0.0857  -0.1280   0.1246  -0.0150  -0.0191   0.0390   0.0123   0.0233   0.0643  -0.0048  -0.2193   0.9060   0.0857  -0.0150  -0.1280   0.1378   0.0398   0.1188   1.0000


AUTOCORRELATION OF SIMULATED VARIABLES
VARIABLE         1       2       3       4       5
mc          0.9548  0.9079  0.8610  0.8161  0.7706
zcap        0.9847  0.9632  0.9378  0.9100  0.8801
rk          0.9847  0.9632  0.9378  0.9100  0.8801
k           0.9980  0.9929  0.9849  0.9741  0.9608
q           0.6637  0.5143  0.4367  0.3777  0.3372
c           0.9896  0.9707  0.9478  0.9225  0.8957
inve        0.9857  0.9528  0.9074  0.8544  0.7968
y           0.9863  0.9630  0.9338  0.9008  0.8652
lab         0.9754  0.9378  0.8933  0.8450  0.7946
pinf        0.8404  0.6893  0.5672  0.4687  0.3902
w           0.9691  0.9361  0.9033  0.8706  0.8368
r           0.9024  0.7951  0.7012  0.6189  0.5460
kp          0.9983  0.9938  0.9863  0.9762  0.9637
eps_a       0.9634  0.9284  0.8935  0.8596  0.8271
eps_b       0.3656  0.1372  0.0575  0.0132  0.0055
eps_g       0.9748  0.9505  0.9273  0.9050  0.8839
eps_i       0.8208  0.6761  0.5544  0.4595  0.3814
eps_r       0.0842 -0.0198 -0.0012 -0.0022 -0.0039
eps_p       0.8109  0.6580  0.5354  0.4365  0.3574
eps_w       0.0540  0.0039  0.0104  0.0241  0.0011
labobs      0.9754  0.9378  0.8933  0.8450  0.7946
robs        0.9024  0.7951  0.7012  0.6189  0.5460
pinfobs     0.8404  0.6893  0.5672  0.4687  0.3902
dy          0.3616  0.2143  0.1415  0.0931  0.0540
dc          0.4169  0.1964  0.1154  0.0705  0.0526
dinve       0.6636  0.4395  0.2702  0.1566  0.0725
dw          0.0378 -0.0054 -0.0009  0.0169 -0.0152



VARIANCE DECOMPOSITION SIMULATING ONE SHOCK AT A TIME (in percent)
                      eta_a             eta_b             eta_g             eta_i             eta_r             eta_p             eta_w  Tot. lin. contr.
mc                    19.25              0.59              0.22              0.96              1.84             23.86             51.62             98.34
zcap                   6.08              2.33              8.95             53.91              4.56             14.50              9.44             99.77
rk                     6.08              2.33              8.95             53.91              4.56             14.50              9.44             99.77
k                      9.21              1.37              2.26             58.90              5.21             14.90              2.36             94.22
q                      0.35             39.54              0.43             52.89              5.21              1.44              0.45            100.32
c                      8.31              9.97             10.30             20.87             13.22             21.21             11.74             95.63
inve                   6.44              1.76              1.75             60.97              6.18             16.01              1.72             94.84
y                     20.28              5.82              3.03             28.63             10.42             20.49              5.76             94.44
lab                    3.15              8.67              7.33             26.95             13.94             25.26              8.31             93.60
pinf                  11.35              0.22              1.29              0.63              1.19             68.97             16.71            100.35
w                      8.78              0.56              0.33              7.82              2.45             25.18             51.56             96.69
r                     15.29              9.71              7.16             28.36             16.57              9.76              8.98             95.83
kp                     9.34              1.16              3.07             61.86              4.68             12.78              2.28             95.17
eps_a                100.01              0.00              0.00              0.00              0.00              0.00              0.00            100.01
eps_b                  0.00            100.01              0.00              0.00              0.00              0.00              0.00            100.01
eps_g                 20.79              0.00             84.09              0.00              0.00              0.00              0.00            104.88
eps_i                  0.00              0.00              0.00            100.01              0.00              0.00              0.00            100.01
eps_r                  0.00              0.00              0.00              0.00            100.01              0.00              0.00            100.01
eps_p                  0.00              0.00              0.00              0.00              0.00            100.01              0.00            100.01
eps_w                  0.00              0.00              0.00              0.00              0.00              0.00            100.01            100.01
labobs                 3.15              8.67              7.33             26.95             13.94             25.26              8.31             93.60
