Starting Dynare (version 4.5.4).
Starting preprocessing of the model file ...
WARNING: SW_Estimation_REE.mod:8.12-12.44: Symbol rho_ga declared twice.
WARNING: SW_Estimation_REE.mod:8.12-12.55: Symbol mu_w declared twice.
WARNING: SW_Estimation_REE.mod:8.12-12.60: Symbol mu_p declared twice.
Substitution of exo lags: added 2 auxiliary variables and equations.
Found 29 equation(s).
Evaluating expressions...done
Computing static model derivatives:
 - order 1
Computing dynamic model derivatives:
 - order 1
 - order 2
Processing outputs ...
done
Preprocessing completed.

You did not declare endogenous variables after the estimation/calib_smoother command.
Initial value of the log posterior (or likelihood): -780.4608
                                            First-order      Norm of
 Iter F-count            f(x)  Feasibility   optimality         step
    0      37    7.804608e+02    0.000e+00    1.906e+03
    1      77    7.413332e+02    0.000e+00    1.833e+03    3.830e-01
    2     115    7.252214e+02    0.000e+00    1.664e+03    2.006e-01
    3     152    7.083233e+02    0.000e+00    2.555e+03    1.682e-01
    4     190    7.058996e+02    0.000e+00    1.002e+03    6.853e-02
    5     230    6.990462e+02    0.000e+00    1.152e+03    7.135e-02
    6     268    6.747758e+02    0.000e+00    1.274e+03    1.993e+00
User objective function returned Inf; trying a new point...
    7     307    6.286220e+02    0.000e+00    1.049e+03    2.153e+00
    8     345    5.910253e+02    0.000e+00    8.052e+02    6.268e-01
    9     383    5.858167e+02    0.000e+00    8.105e+02    5.737e-01
   10     420    5.498387e+02    0.000e+00    3.677e+03    1.606e+00
   11     458    5.487737e+02    0.000e+00    5.954e+02    4.615e-01
   12     496    5.441466e+02    0.000e+00    1.428e+03    2.106e+00
   13     534    5.356706e+02    0.000e+00    7.998e+02    2.571e-01
User objective function returned Inf; trying a new point...
   14     572    5.334677e+02    0.000e+00    7.529e+02    2.922e+00
User objective function returned Inf; trying a new point...
   15     611    5.267690e+02    0.000e+00    6.895e+02    7.510e-01
   16     649    5.141265e+02    0.000e+00    4.255e+02    1.260e+00
   17     688    5.105842e+02    0.000e+00    3.904e+02    3.967e-01
   18     727    5.042014e+02    0.000e+00    5.447e+02    4.164e-01
   19     766    5.037106e+02    0.000e+00    6.440e+02    4.293e-01
   20     806    5.027952e+02    0.000e+00    6.028e+02    2.403e-01
   21     846    4.990996e+02    0.000e+00    4.928e+02    6.858e-01
   22     890    4.976397e+02    0.000e+00    1.776e+02    4.069e-02
   23     930    4.976060e+02    0.000e+00    1.183e+02    5.564e-02
   24     971    4.969530e+02    0.000e+00    1.500e+02    3.957e-02
   25    1010    4.969048e+02    0.000e+00    1.052e+02    1.247e-01
   26    1052    4.962808e+02    0.000e+00    6.356e+01    4.037e-02
   27    1091    4.961404e+02    0.000e+00    4.919e+01    1.473e-01
   28    1134    4.956161e+02    0.000e+00    5.746e+01    2.633e-02
   29    1174    4.956114e+02    0.000e+00    5.054e+01    2.876e-02
   30    1215    4.953735e+02    0.000e+00    1.914e+01    2.737e-02

                                            First-order      Norm of
 Iter F-count            f(x)  Feasibility   optimality         step
   31    1254    4.953451e+02    0.000e+00    2.178e+01    5.334e-02
   32    1295    4.951160e+02    0.000e+00    3.051e+01    8.481e-02
   33    1340    4.950595e+02    0.000e+00    4.764e+01    1.819e-02
   34    1379    4.950394e+02    0.000e+00    4.393e+01    6.030e-02
   35    1420    4.950251e+02    0.000e+00    1.835e+01    8.317e-02
   36    1459    4.950276e+02    0.000e+00    1.987e+01    2.293e-02
   37    1501    4.949008e+02    0.000e+00    1.234e+01    2.200e-02
   38    1544    4.948925e+02    0.000e+00    7.361e+00    1.135e-02
   39    1583    4.948924e+02    0.000e+00    9.166e+00    2.512e-02
   40    1625    4.948793e+02    0.000e+00    8.325e+00    1.604e-02
   41    1665    4.948784e+02    0.000e+00    1.151e+01    8.284e-03
   42    1706    4.948738e+02    0.000e+00    1.461e+01    1.455e-02
   43    1745    4.948763e+02    0.000e+00    1.224e+01    2.231e-02
   44    1787    4.948715e+02    0.000e+00    7.806e+00    1.582e-02
   45    1827    4.948701e+02    0.000e+00    9.006e+00    7.411e-03
   46    1868    4.948600e+02    0.000e+00    1.067e+01    1.357e-02
   47    1907    4.948604e+02    0.000e+00    1.014e+01    2.080e-02
   48    1949    4.948528e+02    0.000e+00    1.058e+01    1.515e-02
   49    1988    4.948498e+02    0.000e+00    1.176e+01    1.811e-02
   50    2030    4.948482e+02    0.000e+00    5.978e+00    2.298e-02
   51    2070    4.948490e+02    0.000e+00    4.348e+00    1.095e-02
   52    2109    4.948480e+02    0.000e+00    4.780e+00    9.427e-03
   53    2151    4.948465e+02    0.000e+00    1.624e+00    7.914e-03
   54    2189    4.948453e+02    0.000e+00    7.622e-01    1.824e-02
   55    2231    4.948441e+02    0.000e+00    1.194e+00    8.746e-03
   56    2276    4.948383e+02    0.000e+00    4.099e+00    1.608e-02
   57    2319    4.948372e+02    0.000e+00    4.115e-01    1.144e-02
   58    2359    4.948370e+02    0.000e+00    1.966e+00    3.589e-03
   59    2400    4.948366e+02    0.000e+00    1.788e+00    1.258e-02
   60    2440    4.948365e+02    0.000e+00    1.776e+00    5.172e-03

                                            First-order      Norm of
 Iter F-count            f(x)  Feasibility   optimality         step
   61    2481    4.948359e+02    0.000e+00    2.233e-01    7.220e-03
   62    2524    4.948358e+02    0.000e+00    5.365e-02    4.627e-03
   63    2570    4.948356e+02    0.000e+00    1.552e+00    1.567e-03
   64    2612    4.948355e+02    0.000e+00    3.426e-01    3.354e-03
   65    2651    4.948355e+02    0.000e+00    4.750e-01    1.248e-03
   66    2691    4.948355e+02    0.000e+00    3.794e-01    2.422e-03
   67    2729    4.948355e+02    0.000e+00    6.152e-01    2.605e-03
   68    2766    4.948355e+02    0.000e+00    4.795e-01    1.370e-03
   69    2806    4.948355e+02    0.000e+00    4.942e-01    1.507e-03
   70    2843    4.948354e+02    0.000e+00    4.723e-01    7.909e-04
   71    2881    4.948354e+02    0.000e+00    5.552e-01    2.675e-03
   72    2918    4.948353e+02    0.000e+00    3.093e-01    2.843e-03
   73    2955    4.948353e+02    0.000e+00    1.201e+00    4.029e-03
   74    2992    4.948353e+02    0.000e+00    7.095e-01    2.827e-03
   75    3030    4.948353e+02    0.000e+00    2.354e-01    1.084e-03
   76    3067    4.948352e+02    0.000e+00    5.815e-02    7.803e-04
   77    3104    4.948352e+02    0.000e+00    1.028e-01    4.151e-04
   78    3141    4.948352e+02    0.000e+00    1.621e-01    6.837e-04
   79    3179    4.948352e+02    0.000e+00    1.613e-01    2.115e-04
   80    3222    4.948352e+02    0.000e+00    7.476e-03    8.469e-05
   81    3260    4.948352e+02    0.000e+00    2.440e-02    1.903e-04
   82    3303    4.948352e+02    0.000e+00    6.000e-03    9.466e-05
   83    3340    4.948352e+02    0.000e+00    7.609e-02    6.995e-04
   84    3380    4.948352e+02    0.000e+00    3.302e-01    1.038e-03
   85    3417    4.948352e+02    0.000e+00    5.066e-02    1.496e-03
   86    3454    4.948352e+02    0.000e+00    1.814e-01    3.189e-04
   87    3491    4.948352e+02    0.000e+00    6.606e-02    2.987e-04
   88    3528    4.948352e+02    0.000e+00    1.122e-01    6.321e-04
   89    3566    4.948352e+02    0.000e+00    1.133e-01    1.716e-04
   90    3604    4.948352e+02    0.000e+00    4.262e-02    2.298e-04

                                            First-order      Norm of
 Iter F-count            f(x)  Feasibility   optimality         step
   91    3642    4.948352e+02    0.000e+00    2.192e-02    9.316e-05
   92    3681    4.948352e+02    0.000e+00    2.332e-02    4.873e-05
   93    3721    4.948352e+02    0.000e+00    2.737e-02    7.762e-05
   94    3765    4.948352e+02    0.000e+00    5.606e-03    1.236e-05
   95    3802    4.948352e+02    0.000e+00    4.141e-02    1.092e-04
   96    3839    4.948352e+02    0.000e+00    1.031e-02    2.009e-04

<a href = "matlab: helpview([docroot '/toolbox/optim/msg_csh/optim_msg_csh.map'],'local_min_poss_with_constr','CSHelpWindow');">Local minimum possible. Constraints satisfied</a>.

fmincon stopped because the <a href = "matlab: helpview([docroot '/toolbox/optim/msg_csh/optim_msg_csh.map'],'norm_curr_step_simple_fminconip','CSHelpWindow');">size of the current step</a> is less than
the selected value of the <a href = "matlab: helpview([docroot '/toolbox/optim/msg_csh/optim_msg_csh.map'],'step_size_tol','CSHelpWindow');">step size tolerance</a> and constraints are 
satisfied to within the default value of the <a href = "matlab: helpview([docroot '/toolbox/optim/msg_csh/optim_msg_csh.map'],'constraint_tolerance','CSHelpWindow');">constraint tolerance</a>.

<<a href = "matlab: createExitMsg('barrier',2.000000e+00,true,true,'fmincon',9.327222e-07,'selected',1.000000e-06,0.000000e+00,'default',1.000000e-06,0.000000e+00,'',0.000000e+00);">stopping criteria details</a>>


Final value of minus the log posterior (or likelihood):494.835229 

RESULTS FROM POSTERIOR ESTIMATION
parameters
         prior mean     mode    s.d. prior pstdev

phi          4.000   6.7852  1.0332 norm  1.5000 
sigma_c      1.500   1.8308  0.1929 norm  0.3750 
lambda       0.700   0.7104  0.0422 beta  0.1000 
xi_w         0.500   0.7626  0.0560 beta  0.1000 
sigma_l      2.000   1.1233  0.6141 norm  0.7500 
xi_p         0.500   0.7249  0.0461 beta  0.1000 
iota_w       0.500   0.3726  0.1703 beta  0.1500 
iota_p       0.500   0.1773  0.0739 beta  0.1500 
psi          0.500   0.8952  0.0487 beta  0.1500 
phi_p        1.250   1.5026  0.0762 norm  0.1250 
r_pi         1.500   1.7511  0.1772 norm  0.2500 
rho          0.750   0.8617  0.0170 beta  0.1000 
r_y          0.125   0.0568  0.0167 norm  0.0500 
r_dy         0.125   0.0716  0.0146 norm  0.0500 
pi_bar       0.625   0.6798  0.0612 gamm  0.1000 
beta_const   0.250   0.2100  0.0917 gamm  0.1000 
l_bar        0.000   0.9786  1.0599 norm  2.0000 
gamma_bar    0.400   0.3537  0.0338 norm  0.1000 
rho_ga       0.500   0.4624  0.0891 norm  0.2500 
alpha        0.300   0.2042  0.0334 norm  0.0500 
rho_a        0.500   0.9911  0.0034 beta  0.2000 
rho_b        0.500   0.3166  0.1007 beta  0.2000 
rho_g        0.500   0.9432  0.0133 beta  0.2000 
rho_i        0.500   0.8198  0.0367 beta  0.2000 
rho_r        0.500   0.4831  0.0677 beta  0.2000 
rho_p        0.500   0.9475  0.0273 beta  0.2000 
rho_w        0.500   0.9252  0.0320 beta  0.2000 
mu_p         0.500   0.8213  0.0550 beta  0.2000 
mu_w         0.500   0.9559  0.0193 beta  0.2000 

standard deviation of shocks
         prior mean     mode    s.d. prior pstdev

eta_a        0.100   0.3814  0.0258 invg  2.0000 
eta_b        0.100   0.1776  0.0247 invg  2.0000 
eta_g        0.100   0.3984  0.0249 invg  2.0000 
eta_i        0.100   0.3053  0.0297 invg  2.0000 
eta_r        0.100   0.0841  0.0057 invg  2.0000 
eta_p        0.100   0.1072  0.0114 invg  2.0000 
eta_w        0.100   0.4862  0.0338 invg  2.0000 


Log data density [Laplace approximation] is -578.928918.


MODEL SUMMARY

  Number of variables:         29
  Number of stochastic shocks: 7
  Number of state variables:   16
  Number of jumpers:           7
  Number of static variables:  10


MATRIX OF COVARIANCE OF EXOGENOUS SHOCKS
Variables       eta_a     eta_b     eta_g     eta_i     eta_r     eta_p     eta_w
eta_a        0.145483  0.000000  0.000000  0.000000  0.000000  0.000000  0.000000
eta_b        0.000000  0.031547  0.000000  0.000000  0.000000  0.000000  0.000000
eta_g        0.000000  0.000000  0.158743  0.000000  0.000000  0.000000  0.000000
eta_i        0.000000  0.000000  0.000000  0.093206  0.000000  0.000000  0.000000
eta_r        0.000000  0.000000  0.000000  0.000000  0.007081  0.000000  0.000000
eta_p        0.000000  0.000000  0.000000  0.000000  0.000000  0.011498  0.000000
eta_w        0.000000  0.000000  0.000000  0.000000  0.000000  0.000000  0.236419

POLICY AND TRANSITION FUNCTIONS
                                  mc            zcap              rk               k               q               c            inve               y             lab            pinf               w               r              kp           eps_a           eps_b           eps_g           eps_i           eps_r           eps_p           eps_w          labobs            robs         pinfobs              dy              dc           dinve              dw
Constant                           0               0               0               0               0               0               0               0               0               0               0               0               0               0               0               0               0               0               0               0        0.978577        1.154180        0.679783        0.353707        0.353707        0.353707        0.353707
y(-1)                       0.024494        0.007293        0.062286        0.007293        0.300625        0.069117        0.111301        0.067745        0.054783        0.015830        0.014796       -0.062391        0.003215               0               0               0               0               0               0               0        0.054783       -0.062391        0.015830       -0.932255        0.069117        0.111301        0.014796
r(-1)                      -0.294728       -0.087760       -0.749477       -0.087760       -3.617399       -0.831684       -1.339279       -0.815165       -0.659198       -0.190482       -0.178040        0.750751       -0.038684               0               0               0               0               0               0               0       -0.659198        0.750751       -0.190482       -0.815165       -0.831684       -1.339279       -0.178040
kp(-1)                     -0.217296       -0.131063       -1.119286        0.868937       -0.225278       -0.001403       -0.078630       -0.049664       -0.264503       -0.045877        0.014154       -0.015059        0.968844               0               0               0               0               0               0               0       -0.264503       -0.015059       -0.045877       -0.049664       -0.001403       -0.078630        0.014154
eps_a(-1)                  -1.076701       -0.106150       -0.906530       -0.106150        0.063318        0.073278        0.352085        0.096197       -1.137773       -0.111587        0.125093       -0.030131        0.010170        0.991135               0               0               0               0               0               0       -1.137773       -0.030131       -0.111587        0.096197        0.073278        0.352085        0.125093
eps_b(-1)                   0.192213        0.072188        0.616487        0.072188        4.589144        0.951760        0.717280        0.745975        0.605330        0.035255        0.083344        0.067819        0.020718               0        0.316560               0               0               0               0               0        0.605330        0.067819        0.035255        0.745975        0.951760        0.717280        0.083344
eps_g(-1)                   0.166541        0.084305        0.719974        0.084305       -0.268834        0.092101       -0.273040        0.958255        0.779749        0.044680        0.024530        0.086971       -0.007887               0               0        0.943154               0               0               0               0        0.779749        0.086971        0.044680        0.958255        0.092101       -0.273040        0.024530
eps_i(-1)                   0.259717        0.085395        0.729282        0.085395       -2.423631        0.041862        3.568780        0.833874        0.675451        0.121777        0.139226        0.095762        0.265043               0               0               0        0.819815               0               0               0        0.675451        0.095762        0.121777        0.833874        0.041862        3.568780        0.139226
eps_r(-1)                  -0.324875       -0.093799       -0.801049       -0.093799       -3.553813       -0.837052       -1.504982       -0.856432       -0.692160       -0.231215       -0.202688        0.359001       -0.043471               0               0               0               0        0.483064               0               0       -0.692160        0.359001       -0.231215       -0.856432       -0.837052       -1.504982       -0.202688
eps_p(-1)                  -7.290717       -0.991008       -8.463280       -0.991008       -5.321880       -0.802529      -11.464194       -3.250944       -2.464451        4.979164       -6.989837        0.947754       -0.331137               0               0               0               0               0        0.947471               0       -2.464451        0.947754        4.979164       -3.250944       -0.802529      -11.464194       -6.989837
eps_w(-1)                   4.774910        0.417683        3.567044        0.417683        5.482632       -1.209819       -2.547638       -1.187315       -1.100122        2.897139        5.084848        0.607417       -0.073587               0               0               0               0               0               0        0.925174       -1.100122        0.607417        2.897139       -1.187315       -1.209819       -2.547638        5.084848
eta_p(-1)                   6.319913        0.859049        7.336342        0.859049        4.613238        0.695667        9.937666        2.818061        2.136294       -4.316157        6.059097       -0.821555        0.287044               0               0               0               0               0       -0.821309               0        2.136294       -0.821555       -4.316157        2.818061        0.695667        9.937666        6.059097
eta_w(-1)                  -4.933592       -0.431564       -3.685586       -0.431564       -5.664834        1.250025        2.632302        1.226773        1.136681       -2.993419       -5.253831       -0.627603        0.076033               0               0               0               0               0               0       -0.955920        1.136681       -0.627603       -2.993419        1.226773        1.250025        2.632302       -5.253831
c(-1)                       0.093931        0.044459        0.379683        0.044459       -0.093868        0.830352       -0.054213        0.496170        0.403535        0.013323        0.020607        0.042655       -0.001566               0               0               0               0               0               0               0        0.403535        0.042655        0.013323        0.496170       -0.169648       -0.054213        0.020607
inve(-1)                    0.047587        0.020676        0.176574        0.020676       -0.117368        0.056006        0.843709        0.224881        0.182761        0.007255        0.014489        0.019628        0.024370               0               0               0               0               0               0               0        0.182761        0.019628        0.007255        0.224881        0.056006       -0.156291        0.014489
pinf(-1)                    0.133329        0.010811        0.092326        0.010811       -0.168163       -0.047059       -0.089488       -0.045366       -0.040713        0.178980        0.143851        0.039749       -0.002585               0               0               0               0               0               0               0       -0.040713        0.039749        0.178980       -0.045366       -0.047059       -0.089488        0.143851
w(-1)                       0.799238        0.083453        0.712692        0.083453        0.038518       -0.021957       -0.052163       -0.004648       -0.025301        0.059263        0.821446        0.013986       -0.001507               0               0               0               0               0               0               0       -0.025301        0.013986        0.059263       -0.004648       -0.021957       -0.052163       -0.178554
eta_a                      -0.967556       -0.054714       -0.467261       -0.054714        0.387849        0.223867        0.390118        0.669523       -0.682643       -0.066683        0.160669       -0.082352        0.011268        1.000000               0        0.462360               0               0               0               0       -0.682643       -0.082352       -0.066683        0.669523        0.223867        0.390118        0.160669
eta_b                       0.607192        0.228038        1.947457        0.228038       14.496918        3.006572        2.265859        2.356504        1.912214        0.111368        0.263280        0.214236        0.065448               0        1.000000               0               0               0               0               0        1.912214        0.214236        0.111368        2.356504        3.006572        2.265859        0.263280
eta_g                       0.176579        0.089387        0.763369        0.089387       -0.285037        0.097652       -0.289497        1.016011        0.826747        0.047373        0.026009        0.092213       -0.008362               0               0        1.000000               0               0               0               0        0.826747        0.092213        0.047373        1.016011        0.097652       -0.289497        0.026009
eta_i                       0.316799        0.104164        0.889569        0.104164       -2.956315        0.051063        4.353154        1.017149        0.823907        0.148542        0.169826        0.116809        0.323296               0               0               0        1.000000               0               0               0        0.823907        0.116809        0.148542        1.017149        0.051063        4.353154        0.169826
eta_r                      -0.672529       -0.194175       -1.658267       -0.194175       -7.356819       -1.732799       -3.115492       -1.772917       -1.432853       -0.478642       -0.419589        0.743175       -0.089989               0               0               0               0        1.000000               0               0       -1.432853        0.743175       -0.478642       -1.772917       -1.732799       -3.115492       -0.419589
eta_p                      -1.971282       -0.256021       -2.186437       -0.256021       -1.798247       -0.336511       -2.014273       -0.707981       -0.526385        1.602644       -1.916073        0.331945       -0.058181               0               0               0               0               0        1.000000               0       -0.526385        0.331945        1.602644       -0.707981       -0.336511       -2.014273       -1.916073
eta_w                       1.478022        0.157234        1.342787        0.157234       -0.117440       -0.001859       -0.016146        0.033056       -0.012702        0.018245        1.512723        0.007046       -0.000466               0               0               0               0               0               0        1.000000       -0.012702        0.007046        0.018245        0.033056       -0.001859       -0.016146        1.512723


MOMENTS OF SIMULATED VARIABLES
VARIABLE              MEAN       STD. DEV.        VARIANCE        SKEWNESS        KURTOSIS
mc                0.033383        2.829546        8.006333       -0.051018       -0.173278
zcap              0.034648        0.603227        0.363883       -0.033212       -0.221935
rk                0.295898        5.151601       26.538994       -0.033212       -0.221935
k                -0.409404        6.808283       46.352715       -0.011962        0.035271
q                 0.054005        4.244842       18.018683        0.012469        0.010086
c                -0.306390        6.312066       39.842178       -0.005283       -0.194886
inve             -0.395284       10.658984      113.613939       -0.019131       -0.032045
y                -0.220714        5.979649       35.756203        0.032918       -0.220107
lab               0.058524        2.887537        8.337872        0.031675       -0.116377
pinf              0.016596        0.331888        0.110149        0.143970       -0.136159
w                -0.172030        4.921378       24.219959       -0.058737       -0.341889
r                 0.012040        0.464787        0.216027        0.050728       -0.196556
kp               -0.444005        7.159648       51.260554       -0.002612        0.032311
eps_a            -0.109861        2.895202        8.382196        0.017655       -0.497975
eps_b            -0.001803        0.185960        0.034581       -0.008875        0.011396
eps_g             0.041846        1.231545        1.516703       -0.030596       -0.022108
eps_i            -0.006889        0.513983        0.264178       -0.010720        0.217647
eps_r            -0.001902        0.095185        0.009060        0.004139        0.037991
eps_p            -0.000392        0.115570        0.013356        0.047429       -0.013076
eps_w            -0.001476        0.482025        0.232348       -0.000932       -0.026688
labobs            1.037100        2.887537        8.337872        0.031675       -0.116377
robs              1.166219        0.464787        0.216027        0.050728       -0.196556
pinfobs           0.696380        0.331888        0.110149        0.143970       -0.136159
dy                0.353994        0.891332        0.794472       -0.013956       -0.037990
dc                0.353985        0.715980        0.512627        0.010892        0.051171
dinve             0.354586        1.958971        3.837569        0.036048       -0.042842
dw                0.354228        0.864444        0.747263        0.007150       -0.021394


CORRELATION OF SIMULATED VARIABLES
VARIABLE         mc     zcap       rk        k        q        c     inve        y      lab     pinf        w        r       kp    eps_a    eps_b    eps_g    eps_i    eps_r    eps_p    eps_w   labobs     robs  pinfobs       dy       dc    dinve       dw
mc           1.0000   0.4566   0.4566   0.3360  -0.2089   0.3796   0.5136   0.4549   0.6383   0.0480   0.5682   0.2398   0.2989  -0.0428   0.0506   0.0072   0.2745  -0.0653  -0.3444   0.2426   0.6383   0.2398   0.0480  -0.0382   0.0285  -0.0659   0.1520
zcap         0.4566   1.0000   1.0000  -0.5532   0.0550  -0.1583   0.1144   0.0235   0.6364   0.4603  -0.0919   0.4739  -0.5853  -0.2072   0.1085   0.2640   0.1733  -0.0736  -0.1684   0.1240   0.6364   0.4739   0.4603   0.2134   0.2463   0.1840   0.1978
rk           0.4566   1.0000   1.0000  -0.5532   0.0550  -0.1583   0.1144   0.0235   0.6364   0.4603  -0.0919   0.4739  -0.5853  -0.2072   0.1085   0.2640   0.1733  -0.0736  -0.1684   0.1240   0.6364   0.4739   0.4603   0.2134   0.2463   0.1840   0.1978
k            0.3360  -0.5532  -0.5532   1.0000  -0.2694   0.8328   0.6357   0.7558  -0.0185  -0.3960   0.8152  -0.2505   0.9987   0.5734  -0.0215  -0.0379   0.1854  -0.0193  -0.1021   0.0049  -0.0185  -0.2505  -0.3960  -0.1337  -0.0850  -0.1812  -0.0437
q           -0.2089   0.0550   0.0550  -0.2694   1.0000  -0.0912  -0.4475  -0.2411  -0.2915  -0.1285  -0.1440  -0.4999  -0.2812   0.0294   0.6255  -0.0413  -0.6103  -0.2199  -0.0492  -0.0272  -0.2915  -0.4999  -0.1285   0.2985   0.4988   0.0897   0.0262
c            0.3796  -0.1583  -0.1583   0.8328  -0.0912   1.0000   0.7581   0.9499   0.1488  -0.2439   0.8991  -0.2040   0.8168   0.7876   0.0875   0.1108   0.1547  -0.0822  -0.1247  -0.0152   0.1488  -0.2040  -0.2439  -0.0297   0.0569  -0.0992   0.0172
inve         0.5136   0.1144   0.1144   0.6357  -0.4475   0.7581   1.0000   0.8704   0.4855  -0.0045   0.7143   0.2221   0.6294   0.5058   0.0385  -0.0269   0.6153  -0.0645  -0.1580   0.0018   0.4855   0.2221  -0.0045   0.1611   0.2421   0.0923   0.1129
y            0.4549   0.0235   0.0235   0.7558  -0.2411   0.9499   0.8704   1.0000   0.3383  -0.1157   0.8717   0.0144   0.7384   0.7431   0.0677   0.2718   0.3463  -0.0819  -0.1479  -0.0037   0.3383   0.0144  -0.1157   0.0747   0.1531  -0.0250   0.0732
lab          0.6383   0.6364   0.6364  -0.0185  -0.2915   0.1488   0.4855   0.3383   1.0000   0.3829   0.0538   0.6064  -0.0414  -0.3198   0.1701   0.1823   0.4874  -0.0979  -0.1676  -0.0004   1.0000   0.6064   0.3829   0.1427   0.2266   0.0319   0.1000
pinf         0.0480   0.4603   0.4603  -0.3960  -0.1285  -0.2439  -0.0045  -0.1157   0.3829   1.0000  -0.2906   0.5649  -0.3992  -0.2727   0.1011   0.1416   0.3084  -0.2068   0.5762   0.0527   0.3829   0.5649   1.0000   0.0899   0.0772   0.1105  -0.0010
w            0.5682  -0.0919  -0.0919   0.8152  -0.1440   0.8991   0.7143   0.8717   0.0538  -0.2906   1.0000  -0.2063   0.7932   0.7640  -0.0160   0.1170   0.1519  -0.0463  -0.2193   0.1368   0.0538  -0.2063  -0.2906  -0.0453   0.0072  -0.0769   0.0879
r            0.2398   0.4739   0.4739  -0.2505  -0.4999  -0.2040   0.2221   0.0144   0.6064   0.5649  -0.2063   1.0000  -0.2537  -0.3412   0.1232   0.2161   0.4823   0.2198   0.1093   0.0334   0.6064   1.0000   0.5649  -0.0458  -0.0059  -0.0925   0.0259
kp           0.2989  -0.5853  -0.5853   0.9987  -0.2812   0.8168   0.6294   0.7384  -0.0414  -0.3992   0.7932  -0.2537   1.0000   0.5682  -0.0269  -0.0576   0.1977  -0.0144  -0.0877  -0.0054  -0.0414  -0.2537  -0.3992  -0.1283  -0.0854  -0.1698  -0.0499
eps_a       -0.0428  -0.2072  -0.2072   0.5734   0.0294   0.7876   0.5058   0.7431  -0.3198  -0.2727   0.7640  -0.3412   0.5682   1.0000  -0.0317   0.2471   0.0002  -0.0256  -0.0212  -0.0071  -0.3198  -0.3412  -0.2727   0.0535   0.0714   0.0273   0.0423
eps_b        0.0506   0.1085   0.1085  -0.0215   0.6255   0.0875   0.0385   0.0677   0.1701   0.1011  -0.0160   0.1232  -0.0269  -0.0317   1.0000  -0.0264   0.0124  -0.0191   0.0002  -0.0026   0.1701   0.1232   0.1011   0.4848   0.7462   0.2153   0.0593
eps_g        0.0072   0.2640   0.2640  -0.0379  -0.0413   0.1108  -0.0269   0.2718   0.1823   0.1416   0.1170   0.2161  -0.0576   0.2471  -0.0264   1.0000   0.0098  -0.0130  -0.0135   0.0107   0.1823   0.2161   0.1416   0.1207   0.0769  -0.0149   0.0636
eps_i        0.2745   0.1733   0.1733   0.1854  -0.6103   0.1547   0.6153   0.3463   0.4874   0.3084   0.1519   0.4823   0.1977   0.0002   0.0124   0.0098   1.0000   0.0082  -0.0218   0.0139   0.4874   0.4823   0.3084   0.3984   0.1997   0.6130   0.1302
eps_r       -0.0653  -0.0736  -0.0736  -0.0193  -0.2199  -0.0822  -0.0645  -0.0819  -0.0979  -0.2068  -0.0463   0.2198  -0.0144  -0.0256  -0.0191  -0.0130   0.0082   1.0000   0.0052  -0.0039  -0.0979   0.2198  -0.2068  -0.2271  -0.2854  -0.1600  -0.0642
eps_p       -0.3444  -0.1684  -0.1684  -0.1021  -0.0492  -0.1247  -0.1580  -0.1479  -0.1676   0.5762  -0.2193   0.1093  -0.0877  -0.0212   0.0002  -0.0135  -0.0218   0.0052   1.0000  -0.0007  -0.1676   0.1093   0.5762  -0.1064  -0.0952  -0.1053  -0.2444
eps_w        0.2426   0.1240   0.1240   0.0049  -0.0272  -0.0152   0.0018  -0.0037  -0.0004   0.0527   0.1368   0.0334  -0.0054  -0.0071  -0.0026   0.0107   0.0139  -0.0039  -0.0007   1.0000  -0.0004   0.0334   0.0527   0.0293   0.0018  -0.0055   0.8660
labobs       0.6383   0.6364   0.6364  -0.0185  -0.2915   0.1488   0.4855   0.3383   1.0000   0.3829   0.0538   0.6064  -0.0414  -0.3198   0.1701   0.1823   0.4874  -0.0979  -0.1676  -0.0004   1.0000   0.6064   0.3829   0.1427   0.2266   0.0319   0.1000
robs         0.2398   0.4739   0.4739  -0.2505  -0.4999  -0.2040   0.2221   0.0144   0.6064   0.5649  -0.2063   1.0000  -0.2537  -0.3412   0.1232   0.2161   0.4823   0.2198   0.1093   0.0334   0.6064   1.0000   0.5649  -0.0458  -0.0059  -0.0925   0.0259
pinfobs      0.0480   0.4603   0.4603  -0.3960  -0.1285  -0.2439  -0.0045  -0.1157   0.3829   1.0000  -0.2906   0.5649  -0.3992  -0.2727   0.1011   0.1416   0.3084  -0.2068   0.5762   0.0527   0.3829   0.5649   1.0000   0.0899   0.0772   0.1105  -0.0010
dy          -0.0382   0.2134   0.2134  -0.1337   0.2985  -0.0297   0.1611   0.0747   0.1427   0.0899  -0.0453  -0.0458  -0.1283   0.0535   0.4848   0.1207   0.3984  -0.2271  -0.1064   0.0293   0.1427  -0.0458   0.0899   1.0000   0.7627   0.7061   0.2310
dc           0.0285   0.2463   0.2463  -0.0850   0.4988   0.0569   0.2421   0.1531   0.2266   0.0772   0.0072  -0.0059  -0.0854   0.0714   0.7462   0.0769   0.1997  -0.2854  -0.0952   0.0018   0.2266  -0.0059   0.0772   0.7627   1.0000   0.4394   0.1899
dinve       -0.0659   0.1840   0.1840  -0.1812   0.0897  -0.0992   0.0923  -0.0250   0.0319   0.1105  -0.0769  -0.0925  -0.1698   0.0273   0.2153  -0.0149   0.6130  -0.1600  -0.1053  -0.0055   0.0319  -0.0925   0.1105   0.7061   0.4394   1.0000   0.1734
dw           0.1520   0.1978   0.1978  -0.0437   0.0262   0.0172   0.1129   0.0732   0.1000  -0.0010   0.0879   0.0259  -0.0499   0.0423   0.0593   0.0636   0.1302  -0.0642  -0.2444   0.8660   0.1000   0.0259  -0.0010   0.2310   0.1899   0.1734   1.0000


AUTOCORRELATION OF SIMULATED VARIABLES
VARIABLE         1       2       3       4       5
mc          0.9445  0.8909  0.8374  0.7857  0.7325
zcap        0.9786  0.9500  0.9165  0.8801  0.8413
rk          0.9786  0.9500  0.9165  0.8801  0.8413
k           0.9987  0.9954  0.9903  0.9835  0.9754
q           0.6775  0.5432  0.4740  0.4171  0.3748
c           0.9935  0.9808  0.9646  0.9461  0.9264
inve        0.9830  0.9443  0.8922  0.8332  0.7716
y           0.9888  0.9685  0.9425  0.9130  0.8817
lab         0.9685  0.9170  0.8548  0.7871  0.7178
pinf        0.7893  0.6847  0.6064  0.5410  0.4827
w           0.9845  0.9695  0.9544  0.9389  0.9226
r           0.9657  0.9056  0.8354  0.7615  0.6876
kp          0.9989  0.9960  0.9913  0.9850  0.9774
eps_a       0.9911  0.9824  0.9735  0.9647  0.9560
eps_b       0.3259  0.1101  0.0440  0.0065  0.0031
eps_g       0.9359  0.8761  0.8206  0.7692  0.7222
eps_i       0.8078  0.6549  0.5281  0.4308  0.3520
eps_r       0.4747  0.2075  0.0986  0.0432  0.0148
eps_p       0.2256  0.2116  0.2028  0.1913  0.1865
eps_w      -0.0370 -0.0245 -0.0137  0.0031 -0.0205
labobs      0.9685  0.9170  0.8548  0.7871  0.7178
robs        0.9657  0.9056  0.8354  0.7615  0.6876
pinfobs     0.7893  0.6847  0.6064  0.5410  0.4827
dy          0.4149  0.2562  0.1567  0.0799  0.0170
dc          0.4843  0.2756  0.1743  0.0982  0.0491
dinve       0.6460  0.3966  0.2049  0.0761 -0.0153
dw         -0.0148  0.0055  0.0107  0.0270 -0.0076



VARIANCE DECOMPOSITION SIMULATING ONE SHOCK AT A TIME (in percent)
                      eta_a             eta_b             eta_g             eta_i             eta_r             eta_p             eta_w  Tot. lin. contr.
mc                     5.02              1.61              0.54              9.62              4.09             60.89             12.82             94.60
zcap                  18.32              2.61              6.70             41.68              3.65             19.49              3.56             96.02
rk                    18.32              2.61              6.70             41.68              3.65             19.49              3.56             96.02
k                     43.29              0.09              2.61             37.86              0.56              6.97              1.25             92.63
q                      0.68             39.25              0.41             52.06              5.27              1.84              0.15             99.66
c                     66.19              4.69              0.75              9.05              4.15              8.09              5.14             98.07
inve                  24.24              0.57              3.53             55.38              1.80              8.42              1.50             95.44
y                     56.66              2.77              1.95             20.11              3.35              8.93              3.59             97.35
lab                   12.80              7.45              6.41             35.33              8.25             16.50              7.79             94.53
pinf                  11.36              1.80              3.99             20.70             12.10             39.06              9.07             98.07
w                     60.21              0.27              0.23              6.51              1.04             21.58              4.67             94.51
r                     14.75              5.51              7.80             52.23              8.09              5.27              3.23             96.87
kp                    42.97              0.04              2.96             39.48              0.43              5.73              1.21             92.81
eps_a                100.01              0.00              0.00              0.00              0.00              0.00              0.00            100.01
eps_b                  0.00            100.01              0.00              0.00              0.00              0.00              0.00            100.01
eps_g                 18.35              0.00             86.89              0.00              0.00              0.00              0.00            105.24
eps_i                  0.00              0.00              0.00            100.01              0.00              0.00              0.00            100.01
eps_r                  0.00              0.00              0.00              0.00            100.01              0.00              0.00            100.01
eps_p                  0.00              0.00              0.00              0.00              0.00            100.01              0.00            100.01
eps_w                  0.00              0.00              0.00              0.00              0.00              0.00            100.01            100.01
labobs                12.80              7.45              6.41             35.33              8.25             16.50              7.79             94.53
robs                  14.75              5.51              7.80             52.23              8.09              5.27              3.23             96.87
pinfobs               11.36              1.80              3.99             20.70             12.10             39.06              9.07             98.07
dy                    10.56             25.15             22.19             28.46              6.74              4.34              0.83             98.27
dc                     7.06             63.15              0.85              9.34             11.60              5.17              1.77             98.95
dinve                  1.81              5.07              1.21             83.84              3.62              4.14              0.35            100.04
dw                     2.12              0.48              0.07              2.23              0.76              8.05             86.05             99.76
Note: numbers do not add up to 100 due to non-zero correlation of simulated shocks in small samples

Total computing time : 0h01m23s
Note: 3 warning(s) encountered in the preprocessor
