Starting Dynare (version 4.5.4).
Starting preprocessing of the model file ...
WARNING: SW_Estimation_REE.mod:8.12-12.44: Symbol rho_ga declared twice.
WARNING: SW_Estimation_REE.mod:8.12-12.55: Symbol mu_w declared twice.
WARNING: SW_Estimation_REE.mod:8.12-12.60: Symbol mu_p declared twice.
Substitution of exo lags: added 2 auxiliary variables and equations.
Found 29 equation(s).
Evaluating expressions...done
Computing static model derivatives:
 - order 1
Computing dynamic model derivatives:
 - order 1
 - order 2
Processing outputs ...
done
Preprocessing completed.

You did not declare endogenous variables after the estimation/calib_smoother command.
Initial value of the log posterior (or likelihood): -1567.3456
                                            First-order      Norm of
 Iter F-count            f(x)  Feasibility   optimality         step
    0      35    1.567346e+03    0.000e+00    1.419e+03
    1      75    1.384488e+03    0.000e+00    6.266e+02    4.210e-01
    2     112    1.368995e+03    0.000e+00    1.822e+03    8.849e-02
    3     150    1.354837e+03    0.000e+00    3.427e+02    1.334e-01
    4     187    1.343429e+03    0.000e+00    7.354e+02    1.912e-01
    5     225    1.336952e+03    0.000e+00    9.118e+02    1.383e-01
    6     261    1.304804e+03    0.000e+00    1.098e+03    7.953e-01
    7     297    1.275144e+03    0.000e+00    7.319e+02    1.567e+00
    8     335    1.264218e+03    0.000e+00    8.358e+02    3.241e-01
    9     373    1.256061e+03    0.000e+00    6.653e+02    2.488e-01
   10     408    1.251193e+03    0.000e+00    2.431e+02    2.291e+00
   11     445    1.245088e+03    0.000e+00    6.180e+02    3.179e-01
   12     480    1.242305e+03    0.000e+00    5.781e+02    3.080e+00
   13     516    1.231597e+03    0.000e+00    5.692e+02    4.402e-01
   14     551    1.226344e+03    0.000e+00    5.513e+02    2.753e+00
   15     587    1.199274e+03    0.000e+00    3.495e+02    2.692e+00
   16     622    1.197528e+03    0.000e+00    6.428e+02    1.435e+00
   17     659    1.195285e+03    0.000e+00    4.747e+02    4.622e-01
   18     696    1.184653e+03    0.000e+00    3.004e+02    8.062e-01
   19     733    1.178618e+03    0.000e+00    4.649e+02    1.073e+00
   20     770    1.176703e+03    0.000e+00    5.432e+02    6.600e-01
   21     806    1.175448e+03    0.000e+00    5.048e+02    6.624e-01
   22     843    1.173710e+03    0.000e+00    3.655e+02    4.133e-01
   23     879    1.171071e+03    0.000e+00    2.318e+02    5.809e-01
   24     916    1.169355e+03    0.000e+00    2.173e+02    6.228e-01
   25     954    1.168227e+03    0.000e+00    2.128e+02    3.880e-01
   26     990    1.166567e+03    0.000e+00    1.870e+02    6.447e-01
   27    1028    1.165491e+03    0.000e+00    2.081e+02    1.356e-01
   28    1065    1.164228e+03    0.000e+00    2.647e+02    1.371e+00
   29    1102    1.163304e+03    0.000e+00    2.063e+02    5.208e-01
   30    1138    1.160720e+03    0.000e+00    1.326e+02    9.007e-01

                                            First-order      Norm of
 Iter F-count            f(x)  Feasibility   optimality         step
   31    1174    1.160325e+03    0.000e+00    9.820e+01    5.922e-01
   32    1212    1.158311e+03    0.000e+00    9.507e+01    2.694e-01
   33    1249    1.157957e+03    0.000e+00    1.452e+02    3.197e-01
   34    1285    1.157441e+03    0.000e+00    2.498e+02    2.269e+00
   35    1321    1.156439e+03    0.000e+00    6.127e+02    2.835e-01
   36    1357    1.150219e+03    0.000e+00    3.572e+02    1.807e+00
   37    1399    1.146965e+03    0.000e+00    1.423e+02    1.546e-01
   38    1435    1.146752e+03    0.000e+00    1.483e+02    7.622e-01
   39    1473    1.143939e+03    0.000e+00    1.264e+02    6.907e-01
   40    1509    1.143057e+03    0.000e+00    1.319e+02    6.310e-01
   41    1546    1.142000e+03    0.000e+00    1.348e+02    5.937e-01
   42    1583    1.139173e+03    0.000e+00    1.318e+02    6.039e-01
   43    1619    1.138718e+03    0.000e+00    2.405e+02    2.544e-01
   44    1655    1.137316e+03    0.000e+00    3.251e+02    5.832e-01
   45    1691    1.136873e+03    0.000e+00    3.012e+02    3.540e-01
   46    1729    1.136500e+03    0.000e+00    1.434e+02    8.239e-01
   47    1766    1.135865e+03    0.000e+00    1.210e+02    1.929e-01
   48    1803    1.134966e+03    0.000e+00    1.835e+02    4.933e-01
   49    1840    1.133961e+03    0.000e+00    1.846e+02    1.756e-01
   50    1877    1.133626e+03    0.000e+00    8.672e+01    3.673e-01
   51    1914    1.133404e+03    0.000e+00    8.535e+01    2.145e-01
   52    1951    1.133234e+03    0.000e+00    4.359e+01    1.694e-01
   53    1989    1.132672e+03    0.000e+00    6.699e+01    3.603e-01
   54    2024    1.132026e+03    0.000e+00    2.796e+01    1.372e-01
   55    2060    1.131995e+03    0.000e+00    2.922e+01    1.239e-01
   56    2097    1.131831e+03    0.000e+00    3.335e+01    1.489e-01
   57    2132    1.131715e+03    0.000e+00    2.271e+01    7.449e-02
   58    2167    1.131680e+03    0.000e+00    3.286e+01    1.188e-01
   59    2202    1.131670e+03    0.000e+00    9.872e+00    3.963e-02
   60    2237    1.131654e+03    0.000e+00    9.457e+00    2.006e-02

                                            First-order      Norm of
 Iter F-count            f(x)  Feasibility   optimality         step
   61    2272    1.131636e+03    0.000e+00    7.149e+00    4.341e-02
   62    2307    1.131628e+03    0.000e+00    2.399e+00    3.111e-02
   63    2342    1.131625e+03    0.000e+00    1.664e+00    2.866e-02
   64    2377    1.131625e+03    0.000e+00    1.219e+00    1.287e-02
   65    2412    1.131624e+03    0.000e+00    7.705e-01    4.950e-03
   66    2447    1.131625e+03    0.000e+00    1.903e-01    1.709e-03
   67    2482    1.131612e+03    0.000e+00    1.945e+00    2.923e-02
   68    2517    1.131611e+03    0.000e+00    7.630e-01    5.693e-03
   69    2552    1.131611e+03    0.000e+00    1.018e-01    1.085e-03
   70    2587    1.131611e+03    0.000e+00    7.975e-02    8.054e-04
   71    2622    1.131611e+03    0.000e+00    6.778e-02    4.580e-04
   72    2657    1.131611e+03    0.000e+00    2.837e-02    5.382e-04
   73    2692    1.131611e+03    0.000e+00    2.013e-02    9.026e-04
   74    2727    1.131611e+03    0.000e+00    2.516e-02    1.655e-04
   75    2762    1.131611e+03    0.000e+00    2.000e-02    1.580e-04
   76    2797    1.131611e+03    0.000e+00    1.325e-01    4.348e-03
   77    2832    1.131611e+03    0.000e+00    4.807e-02    4.210e-04
   78    2867    1.131611e+03    0.000e+00    1.316e-02    1.625e-04
   79    2902    1.131611e+03    0.000e+00    4.000e-03    1.009e-04
   80    2937    1.131611e+03    0.000e+00    3.035e-03    7.819e-04
   81    2972    1.131611e+03    0.000e+00    9.727e-04    1.744e-04
   82    3007    1.131611e+03    0.000e+00    4.452e-03    1.683e-04
   83    3042    1.131611e+03    0.000e+00    1.133e-03    6.632e-05
   84    3087    1.131611e+03    0.000e+00    8.000e-04    1.736e-06

<a href = "matlab: helpview([docroot '/toolbox/optim/msg_csh/optim_msg_csh.map'],'local_min_poss_with_constr','CSHelpWindow');">Local minimum possible. Constraints satisfied</a>.

fmincon stopped because the <a href = "matlab: helpview([docroot '/toolbox/optim/msg_csh/optim_msg_csh.map'],'norm_curr_step_simple_fminconip','CSHelpWindow');">size of the current step</a> is less than
the selected value of the <a href = "matlab: helpview([docroot '/toolbox/optim/msg_csh/optim_msg_csh.map'],'step_size_tol','CSHelpWindow');">step size tolerance</a> and constraints are 
satisfied to within the default value of the <a href = "matlab: helpview([docroot '/toolbox/optim/msg_csh/optim_msg_csh.map'],'constraint_tolerance','CSHelpWindow');">constraint tolerance</a>.

<<a href = "matlab: createExitMsg('barrier',2.000000e+00,true,true,'fmincon',6.884906e-07,'selected',1.000000e-06,0.000000e+00,'default',1.000000e-06,0.000000e+00,'',0.000000e+00);">stopping criteria details</a>>


Final value of minus the log posterior (or likelihood):1131.610871 

RESULTS FROM POSTERIOR ESTIMATION
parameters
         prior mean     mode    s.d. prior pstdev

phi          4.000   4.8714  1.0734 norm  1.5000 
sigma_c      1.500   1.3552  0.1234 norm  0.3750 
lambda       0.700   0.7481  0.0512 beta  0.1000 
xi_w         0.500   0.9275  0.0209 beta  0.1000 
sigma_l      2.000   1.9790  0.7486 norm  0.7500 
xi_p         0.500   0.8017  0.0425 beta  0.1000 
iota_w       0.500   0.8407  0.0689 beta  0.1500 
iota_p       0.500   0.0707  0.0341 beta  0.1500 
psi          0.500   0.8296  0.0770 beta  0.1500 
phi_p        1.250   1.5870  0.0743 norm  0.1250 
r_pi         1.500   1.5028  0.1696 norm  0.2500 
rho          0.750   0.8483  0.0232 beta  0.1000 
r_y          0.125   0.0518  0.0254 norm  0.0500 
r_dy         0.125   0.1660  0.0197 norm  0.0500 
pi_bar       0.625   0.7524  0.0733 gamm  0.1000 
beta_const   0.250   0.2100  0.0917 gamm  0.1000 
l_bar        0.000  -1.1983  1.1488 norm  2.0000 
gamma_bar    0.400   0.4005  0.0176 norm  0.1000 
alpha        0.300   0.1742  0.0412 norm  0.0500 
rho_a        0.500   0.9646  0.0101 beta  0.2000 
rho_b        0.500   0.3562  0.0908 beta  0.2000 
rho_g        0.500   0.9777  0.0061 beta  0.2000 
rho_i        0.500   0.8323  0.0523 beta  0.2000 
rho_r        0.500   0.0836  0.0475 beta  0.2000 
rho_p        0.500   0.8147  0.0574 beta  0.2000 
rho_w        0.500   0.0646  0.0423 beta  0.2000 
rho_ga       0.500   0.5349  0.0780 norm  0.2500 

standard deviation of shocks
         prior mean     mode    s.d. prior pstdev

eta_a        0.100   0.4391  0.0252 invg  2.0000 
eta_b        0.100   0.2093  0.0265 invg  2.0000 
eta_g        0.100   0.4912  0.0245 invg  2.0000 
eta_i        0.100   0.3622  0.0349 invg  2.0000 
eta_r        0.100   0.2092  0.0114 invg  2.0000 
eta_p        0.100   0.0550  0.0110 invg  2.0000 
eta_w        0.100   0.3711  0.0233 invg  2.0000 


Log data density [Laplace approximation] is -1213.138142.


MODEL SUMMARY

  Number of variables:         29
  Number of stochastic shocks: 7
  Number of state variables:   16
  Number of jumpers:           7
  Number of static variables:  10


MATRIX OF COVARIANCE OF EXOGENOUS SHOCKS
Variables       eta_a     eta_b     eta_g     eta_i     eta_r     eta_p     eta_w
eta_a        0.192824  0.000000  0.000000  0.000000  0.000000  0.000000  0.000000
eta_b        0.000000  0.043792  0.000000  0.000000  0.000000  0.000000  0.000000
eta_g        0.000000  0.000000  0.241299  0.000000  0.000000  0.000000  0.000000
eta_i        0.000000  0.000000  0.000000  0.131224  0.000000  0.000000  0.000000
eta_r        0.000000  0.000000  0.000000  0.000000  0.043754  0.000000  0.000000
eta_p        0.000000  0.000000  0.000000  0.000000  0.000000  0.003022  0.000000
eta_w        0.000000  0.000000  0.000000  0.000000  0.000000  0.000000  0.137693

POLICY AND TRANSITION FUNCTIONS
                                  mc            zcap              rk               k               q               c            inve               y             lab            pinf               w               r              kp           eps_a           eps_b           eps_g           eps_i           eps_r           eps_p           eps_w          labobs            robs         pinfobs              dy              dc           dinve              dw
Constant                           0               0               0               0               0               0               0               0               0               0               0               0               0               0               0               0               0               0               0               0       -1.198280        1.154180        0.752426        0.400495        0.400495        0.400495        0.400495
y(-1)                       0.017227        0.019906        0.096886        0.019906        0.506940        0.143440        0.304657        0.158009        0.116368        0.011845        0.000424       -0.135794        0.008800               0               0               0               0               0               0               0        0.116368       -0.135794        0.011845       -0.841991        0.143440        0.304657        0.000424
r(-1)                      -0.088059       -0.101752       -0.495246       -0.101752       -2.591295       -0.733215       -1.557298       -0.807687       -0.594829       -0.060546       -0.002169        0.694131       -0.044982               0               0               0               0               0               0               0       -0.594829        0.694131       -0.060546       -0.807687       -0.733215       -1.557298       -0.002169
kp(-1)                     -0.157092       -0.204143       -0.993601        0.795857       -0.177566        0.030329       -0.152525       -0.064515       -0.217100       -0.025318        0.019355       -0.016985        0.966710               0               0               0               0               0               0               0       -0.217100       -0.016985       -0.025318       -0.064515        0.030329       -0.152525        0.019355
eps_a(-1)                  -1.021111       -0.183668       -0.893948       -0.183668       -0.296359       -0.075929       -0.000465       -0.089673       -1.197720       -0.143334        0.120105       -0.050959       -0.000013        0.964577               0               0               0               0               0               0       -1.197720       -0.050959       -0.143334       -0.089673       -0.075929       -0.000465        0.120105
eps_b(-1)                   0.098019        0.109208        0.531534        0.109208        4.446955        0.993576        1.085742        0.861301        0.634166        0.013503        0.006576        0.152788        0.031361               0        0.356220               0               0               0               0               0        0.634166        0.152788        0.013503        0.861301        0.993576        1.085742        0.006576
eps_g(-1)                   0.074878        0.104177        0.507050        0.104177       -0.394703       -0.154462       -0.267110        0.851185        0.627509        0.019294       -0.016281        0.152349       -0.007715               0               0        0.977724               0               0               0               0        0.627509        0.152349        0.019294        0.851185       -0.154462       -0.267110       -0.016281
eps_i(-1)                   0.102482        0.087938        0.428009        0.087938       -2.713499       -0.170363        3.337124        0.656168        0.482129        0.004192        0.033817        0.115009        0.214436               0               0               0        0.832271               0               0               0        0.482129        0.115009        0.004192        0.656168       -0.170363        3.337124        0.033817
eps_r(-1)                  -0.009448       -0.010922       -0.053161       -0.010922       -0.274181       -0.078183       -0.168609       -0.086705       -0.063855       -0.006603       -0.000228        0.067042       -0.004870               0               0               0               0        0.083618               0               0       -0.063855        0.067042       -0.006603       -0.086705       -0.078183       -0.168609       -0.000228
eps_p(-1)                  -3.964579       -0.793893       -3.864025       -0.793893        1.592087       -0.230547       -3.493498       -1.100328       -0.672129        3.792680       -3.985789        0.673225       -0.100908               0               0               0               0               0        0.814694               0       -0.672129        0.673225        3.792680       -1.100328       -0.230547       -3.493498       -3.985789
eps_w(-1)                   0.116188        0.020409        0.099334        0.020409        0.036702       -0.003747        0.013528        0.005641               0        0.012526        0.119743        0.003836        0.000391               0               0               0               0               0               0        0.064589               0        0.003836        0.012526        0.005641       -0.003747        0.013528        0.119743
c(-1)                       0.049595        0.059136        0.287823        0.059136       -0.165057        0.782528       -0.050244        0.471916        0.347615        0.005630       -0.000656        0.083311       -0.001451               0               0               0               0               0               0               0        0.347615        0.083311        0.005630        0.471916       -0.217472       -0.050244       -0.000656
inve(-1)                    0.023238        0.025492        0.124072        0.025492       -0.143599        0.015879        0.836833        0.200477        0.147594        0.000711        0.001969        0.035009        0.024171               0               0               0               0               0               0               0        0.147594        0.035009        0.000711        0.200477        0.015879       -0.163167        0.001969
pinf(-1)                    0.646517        0.111901        0.544642        0.111901        0.159050       -0.034843        0.044953        0.015911       -0.011463        0.139787        0.668006        0.034628        0.001298               0               0               0               0               0               0               0       -0.011463        0.034628        0.139787        0.015911       -0.034843        0.044953        0.668006
w(-1)                       0.850212        0.149280        0.726575        0.149280        0.248410       -0.025635        0.091573        0.040696       -0.000436        0.085427        0.876291        0.026546        0.002645               0               0               0               0               0               0               0       -0.000436        0.026546        0.085427        0.040696       -0.025635        0.091573       -0.123709
eta_a                      -0.989302       -0.100668       -0.489972       -0.100668        0.310878        0.072777        0.354631        0.632675       -0.706946       -0.118554        0.116306       -0.192901        0.010243        1.000000               0        0.534900               0               0               0               0       -0.706946       -0.192901       -0.118554        0.632675        0.072777        0.354631        0.116306
eta_b                       0.275164        0.306574        1.492154        0.306574       12.483745        2.789224        3.047957        2.417893        1.780267        0.037906        0.018461        0.428914        0.088039               0        1.000000               0               0               0               0               0        1.780267        0.428914        0.037906        2.417893        2.789224        3.047957        0.018461
eta_g                       0.076584        0.106551        0.518602        0.106551       -0.403696       -0.157981       -0.273196        0.870578        0.641805        0.019733       -0.016652        0.155820       -0.007891               0               0        1.000000               0               0               0               0        0.641805        0.155820        0.019733        0.870578       -0.157981       -0.273196       -0.016652
eta_i                       0.123135        0.105660        0.514266        0.105660       -3.260355       -0.204696        4.009661        0.788406        0.579294        0.005037        0.040633        0.138187        0.257652               0               0               0        1.000000               0               0               0        0.579294        0.138187        0.005037        0.788406       -0.204696        4.009661        0.040633
eta_r                      -0.112992       -0.130621       -0.635756       -0.130621       -3.278968       -0.934999       -2.016415       -1.036919       -0.763652       -0.078963       -0.002724        0.801766       -0.058243               0               0               0               0        1.000000               0               0       -0.763652        0.801766       -0.078963       -1.036919       -0.934999       -2.016415       -0.002724
eta_p                      -4.866341       -0.974468       -4.742916       -0.974468        1.954214       -0.282986       -4.288110       -1.350603       -0.825008        4.655343       -4.892376        0.826353       -0.123860               0               0               0               0               0        1.000000               0       -0.825008        0.826353        4.655343       -1.350603       -0.282986       -4.288110       -4.892376
eta_w                       1.798866        0.315978        1.537921        0.315978        0.568232       -0.058020        0.209443        0.087338       -0.000009        0.193937        1.853908        0.059386        0.006050               0               0               0               0               0               0        1.000000       -0.000009        0.059386        0.193937        0.087338       -0.058020        0.209443        1.853908


MOMENTS OF SIMULATED VARIABLES
VARIABLE              MEAN       STD. DEV.        VARIANCE        SKEWNESS        KURTOSIS
mc                0.004126        2.837912        8.053743        0.004508       -0.034457
zcap              0.009999        1.090744        1.189722       -0.021517       -0.040031
rk                0.048669        5.308851       28.183897       -0.021517       -0.040031
k                -0.019724        6.633487       44.003148        0.037653       -0.117087
q                -0.009088        4.404893       19.403083        0.001804        0.006567
c                -0.045637        5.148213       26.504095        0.042770        0.003575
inve             -0.040735       13.697631      187.625109        0.004843        0.055343
y                 0.039387        5.744524       32.999558        0.006721       -0.050826
lab               0.053184        3.234482       10.461873       -0.023086        0.064781
pinf              0.002615        0.506459        0.256501        0.018184        0.008373
w                -0.024239        2.980478        8.883252       -0.014760       -0.050093
r                 0.008930        0.578144        0.334251       -0.008709        0.025185
kp               -0.029755        7.440556       55.361874        0.040173       -0.117556
eps_a            -0.015666        1.682246        2.829950       -0.008289       -0.065751
eps_b             0.001113        0.224104        0.050223       -0.015056        0.004893
eps_g             0.073326        2.569507        6.602368       -0.030780       -0.113143
eps_i             0.002021        0.647278        0.418969       -0.013790        0.046006
eps_r             0.000256        0.209988        0.044095        0.001897       -0.017521
eps_p             0.000046        0.094046        0.008845        0.045170        0.014093
eps_w            -0.000450        0.371830        0.138257       -0.002239       -0.005331
labobs           -1.145096        3.234482       10.461873       -0.023086        0.064781
robs              1.163110        0.578144        0.334251       -0.008709        0.025185
pinfobs           0.755040        0.506459        0.256501        0.018184        0.008373
dy                0.400481        0.961834        0.925124        0.002223       -0.005180
dc                0.400488        0.755826        0.571273       -0.004158        0.008819
dinve             0.400317        2.360847        5.573597        0.002194        0.005698
dw                0.400485        0.755704        0.571088       -0.001748       -0.014170


CORRELATION OF SIMULATED VARIABLES
VARIABLE         mc     zcap       rk        k        q        c     inve        y      lab     pinf        w        r       kp    eps_a    eps_b    eps_g    eps_i    eps_r    eps_p    eps_w   labobs     robs  pinfobs       dy       dc    dinve       dw
mc           1.0000   0.3800   0.3800   0.1645  -0.0091   0.0572   0.1797   0.0748   0.3107   0.2812   0.7058   0.3658   0.0989  -0.4453   0.0285  -0.1517   0.0833  -0.0101  -0.3379   0.2520   0.3107   0.3658   0.2812  -0.0421  -0.0290  -0.0103   0.1298
zcap         0.3800   1.0000   1.0000  -0.7027   0.1720  -0.4324   0.0101  -0.1191   0.2572   0.1332  -0.0619   0.2756  -0.7499  -0.1819   0.0855   0.1391   0.0232  -0.0259  -0.2087   0.1172   0.2572   0.2756   0.1332   0.2479   0.1708   0.2959   0.1207
rk           0.3800   1.0000   1.0000  -0.7027   0.1720  -0.4324   0.0101  -0.1191   0.2572   0.1332  -0.0619   0.2756  -0.7499  -0.1819   0.0855   0.1391   0.0232  -0.0259  -0.2087   0.1172   0.2572   0.2756   0.1332   0.2479   0.1708   0.2959   0.1207
k            0.1645  -0.7027  -0.7027   1.0000  -0.2646   0.7830   0.5290   0.6730   0.3598  -0.0972   0.5835  -0.0331   0.9966   0.1899   0.0129   0.0134   0.2189  -0.0064  -0.0801   0.0156   0.3598  -0.0331  -0.0972  -0.1707  -0.0557  -0.2587  -0.0021
q           -0.0091   0.1720   0.1720  -0.2646   1.0000   0.0333  -0.4487  -0.2256  -0.2176  -0.0042  -0.0464  -0.3853  -0.2859   0.0419   0.6179  -0.0335  -0.6845  -0.1638  -0.0555   0.0529  -0.2176  -0.3853  -0.0042   0.2334   0.5004  -0.0046   0.0100
c            0.0572  -0.4324  -0.4324   0.7830   0.0333   1.0000   0.6051   0.7558   0.5286  -0.1978   0.3989  -0.2140   0.7725   0.2493   0.1671  -0.1790   0.0644  -0.0438  -0.1482  -0.0062   0.5286  -0.2140  -0.1978  -0.0588   0.0734  -0.1698   0.0385
inve         0.1797   0.0101   0.0101   0.5290  -0.4487   0.6051   1.0000   0.8434   0.7695  -0.1598   0.3603   0.2431   0.5173   0.2296   0.0656  -0.0193   0.6194  -0.0348  -0.1930   0.0056   0.7695   0.2431  -0.1598   0.1550   0.2567   0.0862   0.0816
y            0.0748  -0.1191  -0.1191   0.6730  -0.2256   0.7558   0.8434   1.0000   0.7930  -0.2032   0.4252   0.0568   0.6490   0.4304   0.1266   0.3474   0.3699  -0.0418  -0.1879   0.0030   0.7930   0.0568  -0.2032   0.0837   0.1711  -0.0321   0.0715
lab          0.3107   0.2572   0.2572   0.3598  -0.2176   0.5286   0.7695   0.7930   1.0000  -0.0210   0.1737   0.3403   0.3208  -0.1287   0.1649   0.2060   0.4056  -0.0523  -0.2298  -0.0028   1.0000   0.3403  -0.0210   0.1281   0.2198   0.0380   0.0771
pinf         0.2812   0.1332   0.1332  -0.0972  -0.0042  -0.1978  -0.1598  -0.2032  -0.0210   1.0000   0.0438   0.4924  -0.1116  -0.3371   0.0209  -0.0423  -0.0017  -0.0372   0.7932   0.1464  -0.0210   0.4924   1.0000  -0.2245  -0.2020  -0.1956  -0.1265
w            0.7058  -0.0619  -0.0619   0.5835  -0.0464   0.3989   0.3603   0.4252   0.1737   0.0438   1.0000   0.0480   0.5343   0.2383   0.0020   0.0539   0.0883  -0.0036  -0.3006   0.2466   0.1737   0.0480   0.0438  -0.0775  -0.0584  -0.0900   0.1268
r            0.3658   0.2756   0.2756  -0.0331  -0.3853  -0.2140   0.2431   0.0568   0.3403   0.4924   0.0480   1.0000  -0.0496  -0.3953   0.2174   0.0695   0.4325   0.3087   0.2627   0.0405   0.3403   1.0000   0.4924  -0.0511  -0.0737  -0.0640  -0.0260
kp           0.0989  -0.7499  -0.7499   0.9966  -0.2859   0.7725   0.5173   0.6490   0.3208  -0.1116   0.5343  -0.0496   1.0000   0.2026   0.0025  -0.0090   0.2315  -0.0037  -0.0499  -0.0028   0.3208  -0.0496  -0.1116  -0.1704  -0.0580  -0.2540  -0.0139
eps_a       -0.4453  -0.1819  -0.1819   0.1899   0.0419   0.2493   0.2296   0.4304  -0.1287  -0.3371   0.2383  -0.3953   0.2026   1.0000   0.0019   0.4112   0.0014  -0.0025   0.0154   0.0001  -0.1287  -0.3953  -0.3371   0.0940   0.0575   0.0482   0.0330
eps_b        0.0285   0.0855   0.0855   0.0129   0.6179   0.1671   0.0656   0.1266   0.1649   0.0209   0.0020   0.2174   0.0025   0.0019   1.0000  -0.0035   0.0024   0.0002   0.0002   0.0033   0.1649   0.2174   0.0209   0.5159   0.7528   0.2720   0.0126
eps_g       -0.1517   0.1391   0.1391   0.0134  -0.0335  -0.1790  -0.0193   0.3474   0.2060  -0.0423   0.0539   0.0695  -0.0090   0.4112  -0.0035   1.0000   0.0179   0.0027   0.0064  -0.0045   0.2060   0.0695  -0.0423   0.0500  -0.0252   0.0004   0.0054
eps_i        0.0833   0.0232   0.0232   0.2189  -0.6845   0.0644   0.6194   0.3699   0.4056  -0.0017   0.0883   0.4325   0.2315   0.0014   0.0024   0.0179   1.0000  -0.0027  -0.0054   0.0002   0.4056   0.4325  -0.0017   0.3656   0.0710   0.6123   0.0554
eps_r       -0.0101  -0.0259  -0.0259  -0.0064  -0.1638  -0.0438  -0.0348  -0.0418  -0.0523  -0.0372  -0.0036   0.3087  -0.0037  -0.0025   0.0002   0.0027  -0.0027   1.0000  -0.0024   0.0011  -0.0523   0.3087  -0.0372  -0.2389  -0.2714  -0.1912  -0.0007
eps_p       -0.3379  -0.2087  -0.2087  -0.0801  -0.0555  -0.1482  -0.1930  -0.1879  -0.2298   0.7932  -0.3006   0.2627  -0.0499   0.0154   0.0002   0.0064  -0.0054  -0.0024   1.0000  -0.0057  -0.2298   0.2627   0.7932  -0.2177  -0.1934  -0.2131  -0.2166
eps_w        0.2520   0.1172   0.1172   0.0156   0.0529  -0.0062   0.0056   0.0030  -0.0028   0.1464   0.2466   0.0405  -0.0028   0.0001   0.0033  -0.0045   0.0002   0.0011  -0.0057   1.0000  -0.0028   0.0405   0.1464   0.0366  -0.0271   0.0382   0.9102
labobs       0.3107   0.2572   0.2572   0.3598  -0.2176   0.5286   0.7695   0.7930   1.0000  -0.0210   0.1737   0.3403   0.3208  -0.1287   0.1649   0.2060   0.4056  -0.0523  -0.2298  -0.0028   1.0000   0.3403  -0.0210   0.1281   0.2198   0.0380   0.0771
robs         0.3658   0.2756   0.2756  -0.0331  -0.3853  -0.2140   0.2431   0.0568   0.3403   0.4924   0.0480   1.0000  -0.0496  -0.3953   0.2174   0.0695   0.4325   0.3087   0.2627   0.0405   0.3403   1.0000   0.4924  -0.0511  -0.0737  -0.0640  -0.0260
pinfobs      0.2812   0.1332   0.1332  -0.0972  -0.0042  -0.1978  -0.1598  -0.2032  -0.0210   1.0000   0.0438   0.4924  -0.1116  -0.3371   0.0209  -0.0423  -0.0017  -0.0372   0.7932   0.1464  -0.0210   0.4924   1.0000  -0.2245  -0.2020  -0.1956  -0.1265
dy          -0.0421   0.2479   0.2479  -0.1707   0.2334  -0.0588   0.1550   0.0837   0.1281  -0.2245  -0.0775  -0.0511  -0.1704   0.0940   0.5159   0.0500   0.3656  -0.2389  -0.2177   0.0366   0.1281  -0.0511  -0.2245   1.0000   0.6215   0.7070   0.1217
dc          -0.0290   0.1708   0.1708  -0.0557   0.5004   0.0734   0.2567   0.1711   0.2198  -0.2020  -0.0584  -0.0737  -0.0580   0.0575   0.7528  -0.0252   0.0710  -0.2714  -0.1934  -0.0271   0.2198  -0.0737  -0.2020   0.6215   1.0000   0.3326   0.0319
dinve       -0.0103   0.2959   0.2959  -0.2587  -0.0046  -0.1698   0.0862  -0.0321   0.0380  -0.1956  -0.0900  -0.0640  -0.2540   0.0482   0.2720   0.0004   0.6123  -0.1912  -0.2131   0.0382   0.0380  -0.0640  -0.1956   0.7070   0.3326   1.0000   0.1180
dw           0.1298   0.1207   0.1207  -0.0021   0.0100   0.0385   0.0816   0.0715   0.0771  -0.1265   0.1268  -0.0260  -0.0139   0.0330   0.0126   0.0054   0.0554  -0.0007  -0.2166   0.9102   0.0771  -0.0260  -0.1265   0.1217   0.0319   0.1180   1.0000


AUTOCORRELATION OF SIMULATED VARIABLES
VARIABLE         1       2       3       4       5
mc          0.9541  0.9053  0.8572  0.8107  0.7657
zcap        0.9853  0.9641  0.9392  0.9119  0.8829
rk          0.9853  0.9641  0.9392  0.9119  0.8829
k           0.9981  0.9931  0.9853  0.9748  0.9619
q           0.6718  0.5274  0.4483  0.3919  0.3481
c           0.9892  0.9695  0.9454  0.9188  0.8907
inve        0.9851  0.9504  0.9027  0.8467  0.7861
y           0.9860  0.9618  0.9316  0.8974  0.8606
lab         0.9741  0.9341  0.8868  0.8356  0.7822
pinf        0.8403  0.6913  0.5697  0.4683  0.3849
w           0.9678  0.9326  0.8977  0.8631  0.8289
r           0.9018  0.7939  0.6949  0.6070  0.5292
kp          0.9985  0.9940  0.9868  0.9769  0.9648
eps_a       0.9654  0.9321  0.9002  0.8697  0.8400
eps_b       0.3586  0.1254  0.0453  0.0116  0.0029
eps_g       0.9773  0.9553  0.9340  0.9134  0.8932
eps_i       0.8286  0.6852  0.5659  0.4681  0.3875
eps_r       0.0791  0.0056 -0.0001  0.0046  0.0051
eps_p       0.8122  0.6609  0.5391  0.4384  0.3551
eps_w       0.0569  0.0054  0.0057  0.0043  0.0032
labobs      0.9741  0.9341  0.8868  0.8356  0.7822
robs        0.9018  0.7939  0.6949  0.6070  0.5292
pinfobs     0.8403  0.6913  0.5697  0.4683  0.3849
dy          0.3636  0.2142  0.1407  0.0941  0.0546
dc          0.4166  0.2003  0.1153  0.0728  0.0518
dinve       0.6687  0.4390  0.2764  0.1566  0.0697
dw          0.0481 -0.0045 -0.0063 -0.0044 -0.0090



VARIANCE DECOMPOSITION SIMULATING ONE SHOCK AT A TIME (in percent)
                      eta_a             eta_b             eta_g             eta_i             eta_r             eta_p             eta_w  Tot. lin. contr.
mc                    19.75              0.56              0.23              1.01              2.13             23.81             50.61             98.11
zcap                   6.19              2.20              9.27             55.83              4.86             13.08              8.69            100.11
rk                     6.19              2.20              9.27             55.83              4.86             13.08              8.69            100.11
k                      9.75              1.23              2.44             63.30              6.16             15.05              2.18            100.11
q                      0.33             38.45              0.42             53.84              5.14              1.35              0.45             99.99
c                      9.07              9.82             11.55             22.97             15.55             21.41             11.06            101.43
inve                   6.86              1.72              1.95             65.33              6.98             15.52              1.66            100.03
y                     22.23              5.84              3.36             31.62             12.24             20.65              5.56            101.50
lab                    3.26              8.93              8.30             29.95             16.41             25.46              8.25            100.56
pinf                  11.91              0.22              1.43              0.71              1.36             69.35             16.69            101.65
w                      9.59              0.53              0.37              8.67              2.99             26.23             51.81            100.20
r                     16.04              9.83              7.71             30.56             17.34             10.00              8.81            100.29
kp                     9.77              1.03              3.28             65.75              5.48             12.76              2.02            100.10
eps_a                100.00              0.00              0.00              0.00              0.00              0.00              0.00            100.00
eps_b                  0.00            100.00              0.00              0.00              0.00              0.00              0.00            100.00
eps_g                 19.46              0.00             81.94              0.00              0.00              0.00              0.00            101.39
eps_i                  0.00              0.00              0.00            100.00              0.00              0.00              0.00            100.00
eps_r                  0.00              0.00              0.00              0.00            100.00              0.00              0.00            100.00
eps_p                  0.00              0.00              0.00              0.00              0.00            100.00              0.00            100.00
eps_w                  0.00              0.00              0.00              0.00              0.00              0.00            100.00            100.00
labobs                 3.26              8.93              8.30             29.95             16.41             25.46              8.25            100.56
robs                  16.04              9.83              7.71             30.56             17.34             10.00              8.81            100.29
pinfobs               11.91              0.22              1.43              0.71              1.36             69.35             16.69            101.65
dy                     9.30             30.81             20.90             20.20              9.92              7.71              0.91             99.73
dc                     1.12             66.43              2.30              8.10             13.05              7.97              1.50            100.47
dinve                  1.51              8.09              0.66             75.31              6.30              7.03              0.49             99.38
dw                     0.57              0.04              0.01              0.45              0.18             12.91             85.62             99.79
Note: numbers do not add up to 100 due to non-zero correlation of simulated shocks in small samples

Total computing time : 0h01m15s
Note: 3 warning(s) encountered in the preprocessor
