Starting Dynare (version 4.5.4).
Starting preprocessing of the model file ...
WARNING: SW_Estimation_REE.mod:8.12-12.44: Symbol rho_ga declared twice.
WARNING: SW_Estimation_REE.mod:8.12-12.55: Symbol mu_w declared twice.
WARNING: SW_Estimation_REE.mod:8.12-12.60: Symbol mu_p declared twice.
Substitution of exo lags: added 2 auxiliary variables and equations.
Found 29 equation(s).
Evaluating expressions...done
Computing static model derivatives:
 - order 1
Computing dynamic model derivatives:
 - order 1
 - order 2
Processing outputs ...
done
Preprocessing completed.

You did not declare endogenous variables after the estimation/calib_smoother command.
Initial value of the log posterior (or likelihood): -1343.6456
                                            First-order      Norm of
 Iter F-count            f(x)  Feasibility   optimality         step
    0      37    1.343646e+03    0.000e+00    1.661e+03
    1      80    1.238441e+03    0.000e+00    1.010e+03    2.180e-01
    2     120    1.236903e+03    0.000e+00    8.058e+02    5.866e-02
    3     160    1.233174e+03    0.000e+00    6.617e+02    8.052e-02
    4     199    1.221063e+03    0.000e+00    4.433e+02    2.746e-01
    5     238    1.215483e+03    0.000e+00    5.362e+02    4.087e-01
    6     276    1.213006e+03    0.000e+00    7.802e+02    2.007e+00
    7     313    1.190114e+03    0.000e+00    5.652e+02    2.039e+00
    8     352    1.184805e+03    0.000e+00    5.013e+02    1.635e-01
    9     391    1.174517e+03    0.000e+00    6.650e+02    8.174e-01
   10     429    1.157721e+03    0.000e+00    8.331e+02    1.154e+00
   11     468    1.153023e+03    0.000e+00    7.046e+02    3.996e-01
   12     507    1.149910e+03    0.000e+00    6.300e+02    2.858e-01
   13     545    1.145191e+03    0.000e+00    6.221e+02    1.328e+00
   14     584    1.136733e+03    0.000e+00    3.174e+02    6.967e-01
   15     622    1.127289e+03    0.000e+00    8.809e+02    5.704e-01
   16     662    1.125015e+03    0.000e+00    3.737e+02    1.920e-01
   17     700    1.119582e+03    0.000e+00    3.164e+02    2.011e+00
   18     739    1.116645e+03    0.000e+00    3.332e+02    1.020e+00
   19     777    1.115819e+03    0.000e+00    2.582e+02    6.798e-01
   20     816    1.111611e+03    0.000e+00    1.983e+02    1.291e+00
   21     855    1.110037e+03    0.000e+00    1.630e+02    8.915e-01
   22     893    1.108972e+03    0.000e+00    1.669e+02    3.663e-01
   23     932    1.105842e+03    0.000e+00    1.258e+02    1.076e+00
   24     977    1.105300e+03    0.000e+00    1.560e+02    4.434e-02
   25    1015    1.104907e+03    0.000e+00    1.016e+02    8.680e-02
   26    1054    1.103834e+03    0.000e+00    8.392e+01    2.416e-01
   27    1093    1.102971e+03    0.000e+00    1.112e+02    3.368e-01
   28    1132    1.102928e+03    0.000e+00    1.054e+02    1.361e-01
   29    1171    1.102288e+03    0.000e+00    2.078e+02    1.388e-01
   30    1211    1.101559e+03    0.000e+00    1.429e+02    4.601e-01

                                            First-order      Norm of
 Iter F-count            f(x)  Feasibility   optimality         step
   31    1254    1.101323e+03    0.000e+00    3.730e+01    7.799e-02
   32    1293    1.101258e+03    0.000e+00    4.476e+01    1.084e-01
   33    1337    1.101123e+03    0.000e+00    3.222e+01    2.063e-02
   34    1375    1.101074e+03    0.000e+00    4.991e+01    9.044e-02
   35    1417    1.100983e+03    0.000e+00    3.133e+01    3.393e-02
   36    1455    1.100918e+03    0.000e+00    4.723e+01    8.611e-02
   37    1497    1.100787e+03    0.000e+00    2.868e+01    4.327e-02
   38    1535    1.100738e+03    0.000e+00    2.662e+01    6.018e-02
   39    1577    1.100714e+03    0.000e+00    2.368e+01    3.986e-02
   40    1615    1.100685e+03    0.000e+00    2.617e+01    1.184e-01
   41    1655    1.100540e+03    0.000e+00    3.266e+01    2.170e-01
   42    1699    1.100523e+03    0.000e+00    1.132e+01    1.791e-02
   43    1737    1.100475e+03    0.000e+00    1.071e+01    2.516e-02
   44    1777    1.100404e+03    0.000e+00    2.540e+01    1.010e-01
   45    1817    1.100346e+03    0.000e+00    2.294e+01    1.112e-01
   46    1857    1.100329e+03    0.000e+00    2.369e+01    3.653e-02
   47    1896    1.100317e+03    0.000e+00    2.675e+01    1.756e-01
   48    1939    1.100246e+03    0.000e+00    9.945e+00    3.335e-02
   49    1979    1.100239e+03    0.000e+00    1.191e+01    2.700e-02
   50    2018    1.100197e+03    0.000e+00    1.230e+01    3.989e-02
   51    2061    1.100185e+03    0.000e+00    9.869e+00    1.766e-02
   52    2099    1.100178e+03    0.000e+00    1.101e+01    5.271e-02
   53    2139    1.100173e+03    0.000e+00    1.717e+01    3.984e-02
   54    2183    1.100168e+03    0.000e+00    6.198e+00    6.297e-03
   55    2221    1.100163e+03    0.000e+00    4.047e+00    7.618e-03
   56    2261    1.100157e+03    0.000e+00    5.210e+00    3.452e-02
   57    2306    1.100153e+03    0.000e+00    3.558e+00    3.299e-03
   58    2344    1.100147e+03    0.000e+00    2.934e+00    8.467e-03
   59    2384    1.100141e+03    0.000e+00    2.333e+00    1.973e-02
   60    2424    1.100130e+03    0.000e+00    5.796e+00    2.700e-02

                                            First-order      Norm of
 Iter F-count            f(x)  Feasibility   optimality         step
   61    2461    1.100098e+03    0.000e+00    6.632e+00    2.914e-02
   62    2498    1.100106e+03    0.000e+00    1.330e+00    1.535e-02
   63    2536    1.100101e+03    0.000e+00    2.621e+00    8.203e-03
   64    2573    1.100104e+03    0.000e+00    4.099e+00    4.890e-03
   65    2610    1.100101e+03    0.000e+00    1.519e+00    3.502e-03
   66    2647    1.100101e+03    0.000e+00    2.197e-01    1.223e-03
   67    2684    1.100013e+03    0.000e+00    1.082e+01    7.925e-02
   68    2721    1.100014e+03    0.000e+00    2.861e+00    7.886e-03
   69    2758    1.100014e+03    0.000e+00    2.113e+00    5.289e-03
   70    2795    1.100014e+03    0.000e+00    4.593e-01    2.932e-03
   71    2832    1.100013e+03    0.000e+00    1.966e-01    1.236e-03
   72    2869    1.100013e+03    0.000e+00    8.890e-02    2.656e-04
   73    2906    1.100013e+03    0.000e+00    2.000e-02    2.297e-04
   74    2943    1.099998e+03    0.000e+00    4.191e+00    2.014e-02
   75    2981    1.099998e+03    0.000e+00    2.690e+00    5.830e-03
   76    3018    1.099997e+03    0.000e+00    3.202e-01    1.290e-02
   77    3055    1.099997e+03    0.000e+00    2.822e-01    6.163e-03
   78    3092    1.099997e+03    0.000e+00    1.617e-01    1.176e-03
   79    3129    1.099997e+03    0.000e+00    1.361e-02    2.697e-04
   80    3166    1.099997e+03    0.000e+00    6.908e-03    1.575e-04
   81    3204    1.099997e+03    0.000e+00    9.504e-03    8.515e-05
   82    3243    1.099997e+03    0.000e+00    8.225e-03    2.180e-05
   83    3280    1.099997e+03    0.000e+00    4.000e-03    3.314e-05
   84    3317    1.099994e+03    0.000e+00    1.726e-01    3.186e-03
   85    3354    1.099994e+03    0.000e+00    1.447e-01    1.568e-03
   86    3391    1.099994e+03    0.000e+00    4.314e-02    5.669e-04
   87    3428    1.099994e+03    0.000e+00    4.263e-02    4.684e-04
   88    3465    1.099994e+03    0.000e+00    2.067e-02    3.853e-04
   89    3502    1.099994e+03    0.000e+00    9.306e-03    4.877e-04
   90    3539    1.099994e+03    0.000e+00    1.554e-02    4.356e-04

                                            First-order      Norm of
 Iter F-count            f(x)  Feasibility   optimality         step
   91    3576    1.099994e+03    0.000e+00    4.461e-03    1.123e-04
   92    3613    1.099994e+03    0.000e+00    3.389e-03    1.793e-04
   93    3658    1.099994e+03    0.000e+00    1.206e-03    9.880e-06
   94    3695    1.099993e+03    0.000e+00    2.201e-02    7.950e-04
   95    3732    1.099993e+03    0.000e+00    2.957e-02    5.756e-04
   96    3771    1.099993e+03    0.000e+00    5.470e-02    4.017e-04
   97    3808    1.099993e+03    0.000e+00    1.474e-02    4.759e-04
   98    3845    1.099993e+03    0.000e+00    2.880e-02    3.719e-04
   99    3884    1.099993e+03    0.000e+00    2.704e-02    1.325e-04
  100    3921    1.099993e+03    0.000e+00    8.175e-03    6.252e-05
  101    3967    1.099993e+03    0.000e+00    1.819e-03    2.063e-06

<a href = "matlab: helpview([docroot '/toolbox/optim/msg_csh/optim_msg_csh.map'],'local_min_poss_with_constr','CSHelpWindow');">Local minimum possible. Constraints satisfied</a>.

fmincon stopped because the <a href = "matlab: helpview([docroot '/toolbox/optim/msg_csh/optim_msg_csh.map'],'norm_curr_step_simple_fminconip','CSHelpWindow');">size of the current step</a> is less than
the selected value of the <a href = "matlab: helpview([docroot '/toolbox/optim/msg_csh/optim_msg_csh.map'],'step_size_tol','CSHelpWindow');">step size tolerance</a> and constraints are 
satisfied to within the default value of the <a href = "matlab: helpview([docroot '/toolbox/optim/msg_csh/optim_msg_csh.map'],'constraint_tolerance','CSHelpWindow');">constraint tolerance</a>.

<<a href = "matlab: createExitMsg('barrier',2.000000e+00,true,true,'fmincon',9.393466e-07,'selected',1.000000e-06,0.000000e+00,'default',1.000000e-06,0.000000e+00,'',0.000000e+00);">stopping criteria details</a>>


Final value of minus the log posterior (or likelihood):1099.993063 

POSTERIOR KERNEL OPTIMIZATION PROBLEM!
 (minus) the hessian matrix at the "mode" is not positive definite!
=> posterior variance of the estimated parameters are not positive.
You should try to change the initial values of the parameters using
the estimated_params_init block, or use another optimization routine.
[Warning: The results below are most likely wrong!] 
[> In <a href="matlab:matlab.internal.language.introspective.errorDocCallback('dynare_estimation_1', 'C:\dynare\4.5.4\matlab\dynare_estimation_1.m', 316)" style="font-weight:bold">dynare_estimation_1</a> (<a href="matlab: opentoline('C:\dynare\4.5.4\matlab\dynare_estimation_1.m',316,0)">line 316</a>)
  In <a href="matlab:matlab.internal.language.introspective.errorDocCallback('dynare_estimation', 'C:\dynare\4.5.4\matlab\dynare_estimation.m', 105)" style="font-weight:bold">dynare_estimation</a> (<a href="matlab: opentoline('C:\dynare\4.5.4\matlab\dynare_estimation.m',105,0)">line 105</a>)
  In <a href="matlab:matlab.internal.language.introspective.errorDocCallback('SW_Estimation_REE', 'c:\users\tolga\desktop\zlb_paper\SW_estimations\MSV_estimation\SW_Estimation_REE.m', 546)" style="font-weight:bold">SW_Estimation_REE</a> (<a href="matlab: opentoline('c:\users\tolga\desktop\zlb_paper\SW_estimations\MSV_estimation\SW_Estimation_REE.m',546,0)">line 546</a>)
  In <a href="matlab:matlab.internal.language.introspective.errorDocCallback('dynare', 'C:\dynare\4.5.4\matlab\dynare.m', 223)" style="font-weight:bold">dynare</a> (<a href="matlab: opentoline('C:\dynare\4.5.4\matlab\dynare.m',223,0)">line 223</a>)
  In <a href="matlab:matlab.internal.language.introspective.errorDocCallback('beliefs_initialization_MSV', 'c:\users\tolga\desktop\zlb_paper\SW_estimations\MSV_estimation\beliefs_initialization_MSV.m', 2)" style="font-weight:bold">beliefs_initialization_MSV</a> (<a href="matlab: opentoline('c:\users\tolga\desktop\zlb_paper\SW_estimations\MSV_estimation\beliefs_initialization_MSV.m',2,0)">line 2</a>)] 

RESULTS FROM POSTERIOR ESTIMATION
parameters
         prior mean     mode    s.d. prior pstdev

phi          4.000   4.7640  0.9611 norm  1.5000 
sigma_c      1.500   1.3566  0.1198 norm  0.3750 
lambda       0.700   0.7305  0.0540 beta  0.1000 
xi_w         0.500   0.7538  0.0000 beta  0.1000 
sigma_l      2.000   0.5001  0.0000 norm  0.7500 
xi_p         0.500   0.7804  0.0383 beta  0.1000 
iota_w       0.500   0.6927  0.1208 beta  0.1500 
iota_p       0.500   0.2061  0.0771 beta  0.1500 
psi          0.500   0.7985  0.0845 beta  0.1500 
phi_p        1.250   1.6168  0.0702 norm  0.1250 
r_pi         1.500   1.5728  0.1189 norm  0.2500 
rho          0.750   0.8320  0.0203 beta  0.1000 
r_y          0.125   0.0535  0.0146 norm  0.0500 
r_dy         0.125   0.1650  0.0190 norm  0.0500 
pi_bar       0.625   0.7236  0.0672 gamm  0.1000 
beta_const   0.250   0.2100  0.0917 gamm  0.1000 
l_bar        0.000  -0.2155  1.0445 norm  2.0000 
gamma_bar    0.400   0.4075  0.0125 norm  0.1000 
rho_ga       0.500   0.5508  0.0796 norm  0.2500 
alpha        0.300   0.2025  0.0382 norm  0.0500 
rho_a        0.500   0.9616  0.0095 beta  0.2000 
rho_b        0.500   0.3693  0.0952 beta  0.2000 
rho_g        0.500   0.9718  0.0067 beta  0.2000 
rho_i        0.500   0.8009  0.0396 beta  0.2000 
rho_r        0.500   0.0919  0.0505 beta  0.2000 
rho_p        0.500   0.9163  0.0362 beta  0.2000 
rho_w        0.500   0.9759  0.0094 beta  0.2000 
mu_p         0.500   0.8103  0.0614 beta  0.2000 
mu_w         0.500   0.9518  0.0158 beta  0.2000 

standard deviation of shocks
         prior mean     mode    s.d. prior pstdev

eta_a        0.100   0.4305  0.0239 invg  2.0000 
eta_b        0.100   0.2075  0.0263 invg  2.0000 
eta_g        0.100   0.4920  0.0245 invg  2.0000 
eta_i        0.100   0.3627  0.0315 invg  2.0000 
eta_r        0.100   0.2105  0.0112 invg  2.0000 
eta_p        0.100   0.1249  0.0124 invg  2.0000 
eta_w        0.100   0.3698  0.0223 invg  2.0000 


Log data density [Laplace approximation] is -1186.718510.


MODEL SUMMARY

  Number of variables:         29
  Number of stochastic shocks: 7
  Number of state variables:   16
  Number of jumpers:           7
  Number of static variables:  10


MATRIX OF COVARIANCE OF EXOGENOUS SHOCKS
Variables       eta_a     eta_b     eta_g     eta_i     eta_r     eta_p     eta_w
eta_a        0.185330  0.000000  0.000000  0.000000  0.000000  0.000000  0.000000
eta_b        0.000000  0.043043  0.000000  0.000000  0.000000  0.000000  0.000000
eta_g        0.000000  0.000000  0.242084  0.000000  0.000000  0.000000  0.000000
eta_i        0.000000  0.000000  0.000000  0.131517  0.000000  0.000000  0.000000
eta_r        0.000000  0.000000  0.000000  0.000000  0.044294  0.000000  0.000000
eta_p        0.000000  0.000000  0.000000  0.000000  0.000000  0.015610  0.000000
eta_w        0.000000  0.000000  0.000000  0.000000  0.000000  0.000000  0.136783

POLICY AND TRANSITION FUNCTIONS
                                  mc            zcap              rk               k               q               c            inve               y             lab            pinf               w               r              kp           eps_a           eps_b           eps_g           eps_i           eps_r           eps_p           eps_w          labobs            robs         pinfobs              dy              dc           dinve              dw
Constant                           0               0               0               0               0               0               0               0               0               0               0               0               0               0               0               0               0               0               0               0       -0.215462        1.154180        0.723634        0.407477        0.407477        0.407477        0.407477
y(-1)                       0.042380        0.027851        0.110355        0.027851        0.514886        0.140872        0.289079        0.154936        0.113089        0.019929        0.025118       -0.132747        0.008350               0               0               0               0               0               0               0        0.113089       -0.132747        0.019929       -0.845064        0.140872        0.289079        0.025118
r(-1)                      -0.213745       -0.140470       -0.556586       -0.140470       -2.596865       -0.710498       -1.457991       -0.781433       -0.570374       -0.100512       -0.126682        0.669522       -0.042113               0               0               0               0               0               0               0       -0.570374        0.669522       -0.100512       -0.781433       -0.710498       -1.457991       -0.126682
kp(-1)                     -0.182476       -0.246931       -0.978417        0.753069       -0.164090        0.031989       -0.132272       -0.069315       -0.244995       -0.024582        0.019647       -0.018553        0.967295               0               0               0               0               0               0               0       -0.244995       -0.018553       -0.024582       -0.069315        0.031989       -0.132272        0.019647
eps_a(-1)                  -1.085884       -0.227949       -0.903204       -0.227949       -0.230518       -0.067347        0.098985       -0.073192       -1.204729       -0.125969        0.073576       -0.049763        0.002859        0.961647               0               0               0               0               0               0       -1.204729       -0.049763       -0.125969       -0.073192       -0.067347        0.098985        0.073576
eps_b(-1)                   0.191203        0.150938        0.598062        0.150938        4.380757        1.035176        1.111199        0.901862        0.661115        0.028568        0.087884        0.164431        0.032096               0        0.369326               0               0               0               0               0        0.661115        0.164431        0.028568        0.901862        1.035176        1.111199        0.087884
eps_g(-1)                   0.081647        0.122913        0.487021        0.122913       -0.449392       -0.134476       -0.301442        0.854151        0.631229        0.002571       -0.021295        0.149263       -0.008707               0               0        0.971803               0               0               0               0        0.631229        0.149263        0.002571        0.854151       -0.134476       -0.301442       -0.021295
eps_i(-1)                   0.118835        0.104238        0.413023        0.104238       -2.092596       -0.135204        3.169810        0.644187        0.473133        0.040913        0.044128        0.122869        0.202644               0               0               0        0.800854               0               0               0        0.473133        0.122869        0.040913        0.644187       -0.135204        3.169810        0.044128
eps_r(-1)                  -0.026132       -0.017093       -0.067729       -0.017093       -0.310970       -0.085579       -0.178909       -0.094892       -0.069254       -0.012439       -0.015568        0.072134       -0.005168               0               0               0               0        0.091927               0               0       -0.069254        0.072134       -0.012439       -0.094892       -0.085579       -0.178909       -0.015568
eps_p(-1)                  -8.003029       -1.928774       -7.642400       -1.928774        5.908308       -0.059973       -9.220011       -2.535422       -1.476564        6.953595       -8.094609        1.396175       -0.266315               0               0               0               0               0        0.916306               0       -1.476564        1.396175        6.953595       -2.535422       -0.059973       -9.220011       -8.094609
eps_w(-1)                   4.499813        0.881675        3.493469        0.881675       20.971617       -3.684539        8.123067       -0.201567       -0.380223        6.012597        4.755367        1.553537        0.234630               0               0               0               0               0               0        0.975932       -0.380223        1.553537        6.012597       -0.201567       -3.684539        8.123067        4.755367
eta_p(-1)                   7.077277        1.705663        6.758363        1.705663       -5.224863        0.053036        8.153484        2.242136        1.305763       -6.149237        7.158264       -1.234673        0.235509               0               0               0               0               0       -0.810312               0        1.305763       -1.234673       -6.149237        2.242136        0.053036        8.153484        7.158264
eta_w(-1)                  -4.388623       -0.859889       -3.407146       -0.859889      -20.453412        3.593495       -7.922347        0.196587        0.370827       -5.864026       -4.637863       -1.515150       -0.228833               0               0               0               0               0               0       -0.951817        0.370827       -1.515150       -5.864026        0.196587        3.593495       -7.922347       -4.637863
c(-1)                       0.063978        0.070881        0.280854        0.070881       -0.146033        0.764548       -0.044394        0.465256        0.342832        0.007823        0.008903        0.083000       -0.001282               0               0               0               0               0               0               0        0.342832        0.083000        0.007823        0.465256       -0.235452       -0.044394        0.008903
inve(-1)                    0.030648        0.031364        0.124275        0.031364       -0.133641        0.015313        0.839284        0.202089        0.148767        0.003255        0.006872        0.036014        0.024242               0               0               0               0               0               0               0        0.148767        0.036014        0.003255        0.202089        0.015313       -0.160716        0.006872
pinf(-1)                    0.360129        0.067457        0.267284        0.067457       -0.100708       -0.054509       -0.111283       -0.041049       -0.048966        0.221692        0.383706        0.051433       -0.003214               0               0               0               0               0               0               0       -0.048966        0.051433        0.221692       -0.041049       -0.054509       -0.111283        0.383706
w(-1)                       0.805856        0.166230        0.658655        0.166230        0.090070       -0.015485        0.000672        0.030766       -0.018352        0.041014        0.843237        0.016188        0.000019               0               0               0               0               0               0               0       -0.018352        0.016188        0.041014        0.030766       -0.015485        0.000672       -0.156763
eta_a                      -1.011662       -0.120547       -0.477645       -0.120547        0.371261        0.090596        0.418110        0.668511       -0.704863       -0.096030        0.106671       -0.190337        0.012077        1.000000               0        0.550809               0               0               0               0       -0.704863       -0.190337       -0.096030        0.668511        0.090596        0.418110        0.106671
eta_b                       0.517708        0.408684        1.619332        0.408684       11.861486        2.802876        3.008719        2.441911        1.790058        0.077350        0.237957        0.445219        0.086905               0        1.000000               0               0               0               0               0        1.790058        0.445219        0.077350        2.441911        2.802876        3.008719        0.237957
eta_g                       0.084016        0.126480        0.501152        0.126480       -0.462431       -0.138378       -0.310189        0.878934        0.649545        0.002645       -0.021913        0.153594       -0.008960               0               0        1.000000               0               0               0               0        0.649545        0.153594        0.002645        0.878934       -0.138378       -0.310189       -0.021913
eta_i                       0.148386        0.130159        0.515728        0.130159       -2.612956       -0.168824        3.958037        0.804374        0.590785        0.051087        0.055102        0.153422        0.253035               0               0               0        1.000000               0               0               0        0.590785        0.153422        0.051087        0.804374       -0.168824        3.958037        0.055102
eta_r                      -0.284265       -0.185943       -0.736764       -0.185943       -3.382775       -0.930936       -1.946198       -1.032253       -0.753352       -0.135312       -0.169355        0.784684       -0.056215               0               0               0               0        1.000000               0               0       -0.753352        0.784684       -0.135312       -1.032253       -0.930936       -1.946198       -0.169355
eta_p                      -2.035227       -0.490239       -1.942479       -0.490239       -0.097872       -0.234056       -1.742021       -0.642674       -0.373937        1.877666       -2.058780        0.384306       -0.050317               0               0               0               0               0        1.000000               0       -0.373937        0.384306        1.877666       -0.642674       -0.234056       -1.742021       -2.058780
eta_w                       1.683860        0.346164        1.371610        0.346164        0.706455       -0.123457        0.206978        0.054834       -0.045379        0.232136        1.763153        0.070872        0.005978               0               0               0               0               0               0        1.000000       -0.045379        0.070872        0.232136        0.054834       -0.123457        0.206978        1.763153


MOMENTS OF SIMULATED VARIABLES
VARIABLE              MEAN       STD. DEV.        VARIANCE        SKEWNESS        KURTOSIS
mc                0.050242        3.055376        9.335321       -0.029365       -0.104661
zcap              0.030073        1.164294        1.355581        0.026791       -0.038576
rk                0.119157        4.613294       21.282481        0.026791       -0.038576
k                -0.005414        5.925039       35.106088       -0.033121       -0.170932
q                 0.003718        3.841634       14.758155       -0.003861        0.016094
c                 0.039742        5.239723       27.454698        0.009284       -0.034446
inve             -0.030487       12.298969      151.264648       -0.007464       -0.007320
y                 0.102671        5.598494       31.343132       -0.020204       -0.132470
lab               0.146780        3.195498       10.211209       -0.015290        0.005255
pinf             -0.005494        0.501640        0.251642       -0.005451        0.040698
w                -0.033037        3.547690       12.586106        0.009409       -0.039146
r                 0.002560        0.608199        0.369906       -0.011644        0.122191
kp               -0.035502        6.661429       44.374637       -0.031740       -0.172287
eps_a            -0.052457        1.588952        2.524768       -0.014050       -0.113904
eps_b             0.000436        0.223430        0.049921       -0.005505        0.015627
eps_g             0.078378        2.307886        5.326337       -0.078226       -0.233244
eps_i            -0.001153        0.599699        0.359639       -0.009927        0.065542
eps_r             0.000205        0.212222        0.045038        0.001362       -0.022972
eps_p            -0.001276        0.129210        0.016695        0.004367       -0.005505
eps_w            -0.001970        0.371824        0.138253        0.003838       -0.012398
labobs           -0.068682        3.195498       10.211209       -0.015290        0.005255
robs              1.156740        0.608199        0.369906       -0.011644        0.122191
pinfobs           0.718140        0.501640        0.251642       -0.005451        0.040698
dy                0.407544        0.949756        0.902036       -0.004579       -0.000695
dc                0.407571        0.732916        0.537165       -0.008134        0.030344
dinve             0.407377        2.254055        5.080765        0.009304        0.001108
dw                0.407423        0.734393        0.539332        0.002958       -0.032809


CORRELATION OF SIMULATED VARIABLES
VARIABLE         mc     zcap       rk        k        q        c     inve        y      lab     pinf        w        r       kp    eps_a    eps_b    eps_g    eps_i    eps_r    eps_p    eps_w   labobs     robs  pinfobs       dy       dc    dinve       dw
mc           1.0000   0.3840   0.3840   0.3192  -0.0152   0.0938   0.3294   0.1753   0.2773   0.3605   0.7826   0.3735   0.2295  -0.3036   0.0600  -0.1365   0.1162  -0.0186  -0.2230   0.2584   0.2773   0.3735   0.3605  -0.0994  -0.0723  -0.0752   0.1292
zcap         0.3840   1.0000   1.0000  -0.5735   0.1635  -0.2930   0.1119   0.0121   0.3730   0.2356   0.0066   0.3217  -0.6583  -0.1386   0.1123   0.1751   0.0724  -0.0353  -0.1307   0.1409   0.3730   0.3217   0.2356   0.2042   0.1337   0.2593   0.2022
rk           0.3840   1.0000   1.0000  -0.5735   0.1635  -0.2930   0.1119   0.0121   0.3730   0.2356   0.0066   0.3217  -0.6583  -0.1386   0.1123   0.1751   0.0724  -0.0353  -0.1307   0.1409   0.3730   0.3217   0.2356   0.2042   0.1337   0.2593   0.2022
k            0.3192  -0.5735  -0.5735   1.0000  -0.2131   0.7461   0.5591   0.6654   0.3080  -0.1794   0.6469  -0.1149   0.9932   0.2008   0.0180   0.0106   0.1846  -0.0067  -0.0623  -0.0040   0.3080  -0.1149  -0.1794  -0.1607  -0.0655  -0.2363  -0.0131
q           -0.0152   0.1635   0.1635  -0.2131   1.0000   0.0810  -0.3647  -0.1334  -0.1166  -0.0372  -0.0383  -0.3374  -0.2388   0.0572   0.6768  -0.0243  -0.6023  -0.1981  -0.0310   0.0773  -0.1166  -0.3374  -0.0372   0.3148   0.5894   0.0772   0.0992
c            0.0938  -0.2930  -0.2930   0.7461   0.0810   1.0000   0.5917   0.8036   0.5956  -0.4117   0.3286  -0.3756   0.7262   0.2325   0.1640  -0.0719   0.0407  -0.0411  -0.0615  -0.0807   0.5956  -0.3756  -0.4117  -0.0189   0.0699  -0.0901   0.0774
inve         0.3294   0.1119   0.1119   0.5591  -0.3647   0.5917   1.0000   0.8151   0.6772  -0.1117   0.4693   0.1805   0.5245   0.2680   0.0707  -0.0182   0.5840  -0.0350  -0.0882  -0.0191   0.6772   0.1805  -0.1117   0.1193   0.1824   0.0917   0.1541
y            0.1753   0.0121   0.0121   0.6654  -0.1334   0.8036   0.8151   1.0000   0.7793  -0.3112   0.4251  -0.0975   0.6200   0.4268   0.1275   0.3718   0.3098  -0.0420  -0.0840  -0.0471   0.7793  -0.0975  -0.3112   0.0848   0.1299   0.0075   0.1329
lab          0.2773   0.3730   0.3730   0.3080  -0.1166   0.5956   0.6772   0.7793   1.0000  -0.1731   0.0987   0.1214   0.2430  -0.1381   0.1670   0.2380   0.3313  -0.0491  -0.0914  -0.0627   1.0000   0.1214  -0.1731   0.1284   0.1688   0.0836   0.1526
pinf         0.3605   0.2356   0.2356  -0.1794  -0.0372  -0.4117  -0.1117  -0.3112  -0.1731   1.0000   0.1627   0.6111  -0.1996  -0.2651   0.0537  -0.0919   0.1052  -0.0600   0.5393   0.2375  -0.1731   0.6111   1.0000  -0.1451  -0.1517  -0.0980  -0.1151
w            0.7826   0.0066   0.0066   0.6469  -0.0383   0.3286   0.4693   0.4251   0.0987   0.1627   1.0000   0.1171   0.5839   0.2795   0.0257   0.0310   0.1041  -0.0128  -0.1917   0.2330   0.0987   0.1171   0.1627  -0.1185  -0.0875  -0.1327   0.1036
r            0.3735   0.3217   0.3217  -0.1149  -0.3374  -0.3756   0.1805  -0.0975   0.1214   0.6111   0.1171   1.0000  -0.1391  -0.3204   0.2173   0.0229   0.4080   0.2927   0.1244   0.0985   0.1214   1.0000   0.6111  -0.0567  -0.0874  -0.0700  -0.0442
kp           0.2295  -0.6583  -0.6583   0.9932  -0.2388   0.7262   0.5245   0.6200   0.2430  -0.1996   0.5839  -0.1391   1.0000   0.2114   0.0002  -0.0216   0.1908  -0.0016  -0.0362  -0.0284   0.2430  -0.1391  -0.1996  -0.1628  -0.0691  -0.2354  -0.0363
eps_a       -0.3036  -0.1386  -0.1386   0.2008   0.0572   0.2325   0.2680   0.4268  -0.1381  -0.2651   0.2795  -0.3204   0.2114   1.0000  -0.0035   0.4206   0.0045  -0.0078   0.0105   0.0009  -0.1381  -0.3204  -0.2651   0.1002   0.0619   0.0607   0.0549
eps_b        0.0600   0.1123   0.1123   0.0180   0.6768   0.1640   0.0707   0.1275   0.1670   0.0537   0.0257   0.2173   0.0002  -0.0035   1.0000  -0.0105  -0.0020   0.0012  -0.0028   0.0094   0.1670   0.2173   0.0537   0.5184   0.7636   0.2774   0.0877
eps_g       -0.1365   0.1751   0.1751   0.0106  -0.0243  -0.0719  -0.0182   0.3718   0.2380  -0.0919   0.0310   0.0229  -0.0216   0.4206  -0.0105   1.0000   0.0000  -0.0004  -0.0005   0.0009   0.2380   0.0229  -0.0919   0.0663  -0.0109   0.0016   0.0113
eps_i        0.1162   0.0724   0.0724   0.1846  -0.6023   0.0407   0.5840   0.3098   0.3313   0.1052   0.1041   0.4080   0.1908   0.0045  -0.0020   0.0000   1.0000  -0.0001   0.0048  -0.0035   0.3313   0.4080   0.1052   0.3463   0.0349   0.6274   0.0946
eps_r       -0.0186  -0.0353  -0.0353  -0.0067  -0.1981  -0.0411  -0.0350  -0.0420  -0.0491  -0.0600  -0.0128   0.2927  -0.0016  -0.0078   0.0012  -0.0004  -0.0001   1.0000   0.0044   0.0026  -0.0491   0.2927  -0.0600  -0.2421  -0.2797  -0.1960  -0.0525
eps_p       -0.2230  -0.1307  -0.1307  -0.0623  -0.0310  -0.0615  -0.0882  -0.0840  -0.0914   0.5393  -0.1917   0.1244  -0.0362   0.0105  -0.0028  -0.0005   0.0048   0.0044   1.0000  -0.0058  -0.0914   0.1244   0.5393  -0.1165  -0.0790  -0.1207  -0.3545
eps_w        0.2584   0.1409   0.1409  -0.0040   0.0773  -0.0807  -0.0191  -0.0471  -0.0627   0.2375   0.2330   0.0985  -0.0284   0.0009   0.0094   0.0009  -0.0035   0.0026  -0.0058   1.0000  -0.0627   0.0985   0.2375   0.0191  -0.0656   0.0322   0.8677
labobs       0.2773   0.3730   0.3730   0.3080  -0.1166   0.5956   0.6772   0.7793   1.0000  -0.1731   0.0987   0.1214   0.2430  -0.1381   0.1670   0.2380   0.3313  -0.0491  -0.0914  -0.0627   1.0000   0.1214  -0.1731   0.1284   0.1688   0.0836   0.1526
robs         0.3735   0.3217   0.3217  -0.1149  -0.3374  -0.3756   0.1805  -0.0975   0.1214   0.6111   0.1171   1.0000  -0.1391  -0.3204   0.2173   0.0229   0.4080   0.2927   0.1244   0.0985   0.1214   1.0000   0.6111  -0.0567  -0.0874  -0.0700  -0.0442
pinfobs      0.3605   0.2356   0.2356  -0.1794  -0.0372  -0.4117  -0.1117  -0.3112  -0.1731   1.0000   0.1627   0.6111  -0.1996  -0.2651   0.0537  -0.0919   0.1052  -0.0600   0.5393   0.2375  -0.1731   0.6111   1.0000  -0.1451  -0.1517  -0.0980  -0.1151
dy          -0.0994   0.2042   0.2042  -0.1607   0.3148  -0.0189   0.1193   0.0848   0.1284  -0.1451  -0.1185  -0.0567  -0.1628   0.1002   0.5184   0.0663   0.3463  -0.2421  -0.1165   0.0191   0.1284  -0.0567  -0.1451   1.0000   0.6307   0.6953   0.2114
dc          -0.0723   0.1337   0.1337  -0.0655   0.5894   0.0699   0.1824   0.1299   0.1688  -0.1517  -0.0875  -0.0874  -0.0691   0.0619   0.7636  -0.0109   0.0349  -0.2797  -0.0790  -0.0656   0.1688  -0.0874  -0.1517   0.6307   1.0000   0.3511   0.1315
dinve       -0.0752   0.2593   0.2593  -0.2363   0.0772  -0.0901   0.0917   0.0075   0.0836  -0.0980  -0.1327  -0.0700  -0.2354   0.0607   0.2774   0.0016   0.6274  -0.1960  -0.1207   0.0322   0.0836  -0.0700  -0.0980   0.6953   0.3511   1.0000   0.1992
dw           0.1292   0.2022   0.2022  -0.0131   0.0992   0.0774   0.1541   0.1329   0.1526  -0.1151   0.1036  -0.0442  -0.0363   0.0549   0.0877   0.0113   0.0946  -0.0525  -0.3545   0.8677   0.1526  -0.0442  -0.1151   0.2114   0.1315   0.1992   1.0000


AUTOCORRELATION OF SIMULATED VARIABLES
VARIABLE         1       2       3       4       5
mc          0.9619  0.9229  0.8813  0.8390  0.7955
zcap        0.9821  0.9569  0.9269  0.8940  0.8591
rk          0.9821  0.9569  0.9269  0.8940  0.8591
k           0.9978  0.9925  0.9842  0.9733  0.9600
q           0.6283  0.4635  0.3774  0.3183  0.2764
c           0.9902  0.9730  0.9529  0.9315  0.9096
inve        0.9832  0.9448  0.8929  0.8331  0.7694
y           0.9856  0.9614  0.9320  0.8995  0.8652
lab         0.9743  0.9359  0.8919  0.8456  0.7984
pinf        0.8438  0.7547  0.6857  0.6251  0.5697
w           0.9786  0.9555  0.9299  0.9019  0.8718
r           0.9092  0.8098  0.7199  0.6407  0.5709
kp          0.9985  0.9940  0.9869  0.9772  0.9654
eps_a       0.9628  0.9273  0.8932  0.8606  0.8291
eps_b       0.3734  0.1347  0.0508  0.0128  0.0007
eps_g       0.9717  0.9442  0.9177  0.8923  0.8678
eps_i       0.7984  0.6352  0.5033  0.4012  0.3191
eps_r       0.0871 -0.0003 -0.0013 -0.0012  0.0052
eps_p       0.1521  0.1384  0.1304  0.1238  0.1026
eps_w       0.0289  0.0385  0.0408  0.0421  0.0331
labobs      0.9743  0.9359  0.8919  0.8456  0.7984
robs        0.9092  0.8098  0.7199  0.6407  0.5709
pinfobs     0.8438  0.7547  0.6857  0.6251  0.5697
dy          0.3394  0.1826  0.1075  0.0621  0.0269
dc          0.3802  0.1480  0.0643  0.0268  0.0125
dinve       0.6438  0.4012  0.2341  0.1192  0.0345
dw          0.0377  0.0609  0.0543  0.0486  0.0272



VARIANCE DECOMPOSITION SIMULATING ONE SHOCK AT A TIME (in percent)
                      eta_a             eta_b             eta_g             eta_i             eta_r             eta_p             eta_w  Tot. lin. contr.
mc                    10.41              1.99              0.07              4.00              5.43             42.34             34.08             98.31
zcap                   6.81              3.39              9.36             43.17              5.43             18.66             11.51             98.34
rk                     6.81              3.39              9.36             43.17              5.43             18.66             11.51             98.34
k                     11.99              1.16              1.85             48.78              4.10             19.81             12.88            100.57
q                      0.61             45.36              0.74             43.34              6.98              0.94              0.88             98.84
c                      8.02              7.77              3.59              9.15              7.57             15.32             50.68            102.10
inve                   8.66              1.86              2.06             59.09              5.30             15.70              7.08             99.75
y                     21.24              5.28              4.88             20.40              7.35             17.17             26.49            102.81
lab                    3.04              7.86             11.73             20.17              9.52             16.96             32.79            102.09
pinf                   7.97              0.88              0.22              2.18              3.88             40.73             45.77            101.63
w                     12.55              1.29              1.05             11.73              4.56             38.65             30.84            100.66
r                     11.15              9.98              4.65             29.42             14.15              6.34             24.55            100.25
kp                    12.19              0.83              2.90             52.21              3.35             15.83             12.70            100.01
eps_a                100.00              0.00              0.00              0.00              0.00              0.00              0.00            100.00
eps_b                  0.00            100.00              0.00              0.00              0.00              0.00              0.00            100.00
eps_g                 19.58              0.00             81.89              0.00              0.00              0.00              0.00            101.47
eps_i                  0.00              0.00              0.00            100.00              0.00              0.00              0.00            100.00
eps_r                  0.00              0.00              0.00              0.00            100.00              0.00              0.00            100.00
eps_p                  0.00              0.00              0.00              0.00              0.00            100.00              0.00            100.00
