Starting Dynare (version 4.5.1).
Starting preprocessing of the model file ...
WARNING: SW_Estimation_REE.mod:8.12-12.44: Symbol rho_ga declared twice.
WARNING: SW_Estimation_REE.mod:8.12-12.55: Symbol mu_w declared twice.
WARNING: SW_Estimation_REE.mod:8.12-12.60: Symbol mu_p declared twice.
Substitution of exo lags: added 2 auxiliary variables and equations.
Found 29 equation(s).
Evaluating expressions...done
Computing static model derivatives:
 - order 1
Computing dynamic model derivatives:
 - order 1
 - order 2
Processing outputs ...
done
Preprocessing completed.
toline('C:\dynare\4.5.1\matlab\dynare_estimation.m',105,0)">line 105</a>)
    dynare_estimation_1(var_list,dname);
In <a href="matlab:matlab.internal.language.introspective.errorDocCallback('SW_Estimation_REE', 'c:\users\tolga\desktop\zlb_paper\SW_estimations\VAR_estimation\SW_Estimation_REE.m', 546)" style="font-weight:bold">SW_Estimation_REE</a> (<a href="matlab: opentoline('c:\users\tolga\desktop\zlb_paper\SW_estimations\VAR_estimation\SW_Estimation_REE.m',546,0)">line 546</a>)
oo_recursive_=dynare_estimation(var_list_);
In <a href="matlab:matlab.internal.language.introspective.errorDocCallback('dynare', 'C:\dynare\4.5.1\matlab\dynare.m', 223)" style="font-weight:bold">dynare</a> (<a href="matlab: opentoline('C:\dynare\4.5.1\matlab\dynare.m',223,0)">line 223</a>)
evalin('base',fname) ;
In <a href="matlab:matlab.internal.language.introspective.errorDocCallback('beliefs_initialization_AR1', 'c:\users\tolga\desktop\zlb_paper\SW_estimations\VAR_estimation\beliefs_initialization_AR1.m', 2)" style="font-weight:bold">beliefs_initialization_AR1</a> (<a href="matlab: opentoline('c:\users\tolga\desktop\zlb_paper\SW_estimations\VAR_estimation\beliefs_initialization_AR1.m',2,0)">line 2</a>)
dynare SW_Estimation_REE;} 
beliefs_initialization_AR1

Configuring Dynare ...
[mex] Generalized QZ.
[mex] Sylvester equation solution.
[mex] Kronecker products.
[mex] Sparse kronecker products.
[mex] Local state space iteration (second order).
[mex] Bytecode evaluation.
[mex] k-order perturbation solver.
[mex] k-order solution simulation.
[mex] Quasi Monte-Carlo sequence (Sobol).
[mex] Markov Switching SBVAR.

Using 64-bit preprocessor
Starting Dynare (version 4.5.1).
Starting preprocessing of the model file ...
WARNING: SW_Estimation_REE.mod:8.12-12.44: Symbol rho_ga declared twice.
WARNING: SW_Estimation_REE.mod:8.12-12.55: Symbol mu_w declared twice.
WARNING: SW_Estimation_REE.mod:8.12-12.60: Symbol mu_p declared twice.
Substitution of exo lags: added 2 auxiliary variables and equations.
Found 29 equation(s).
Evaluating expressions...done
Computing static model derivatives:
 - order 1
Computing dynamic model derivatives:
 - order 1
 - order 2
Processing outputs ...
done
Preprocessing completed.


You did not declare endogenous variables after the estimation/calib_smoother command.
Initial value of the log posterior (or likelihood): -762.0051
                                            First-order      Norm of
 Iter F-count            f(x)  Feasibility   optimality         step
    0      37    7.620051e+02    0.000e+00    2.077e+03
    1      77    7.079533e+02    0.000e+00    1.772e+03    3.824e-01
    2     115    6.929730e+02    0.000e+00    1.581e+03    2.013e-01
    3     152    6.793078e+02    0.000e+00    2.706e+03    1.495e-01
    4     190    6.786699e+02    0.000e+00    8.938e+02    7.038e-02
    5     230    6.736472e+02    0.000e+00    1.096e+03    9.045e-02
    6     268    6.593864e+02    0.000e+00    1.180e+03    1.615e+00
    7     306    6.450882e+02    0.000e+00    1.343e+03    2.667e+00
    8     343    6.243483e+02    0.000e+00    8.171e+02    9.587e-01
    9     380    5.858017e+02    0.000e+00    3.032e+03    2.292e+00
   10     418    5.676274e+02    0.000e+00    8.607e+02    9.941e-01
   11     458    5.654644e+02    0.000e+00    8.593e+02    2.020e-01
   12     496    5.414014e+02    0.000e+00    7.823e+02    7.897e-01
   13     536    5.342050e+02    0.000e+00    8.319e+02    6.213e-01
   14     575    5.339010e+02    0.000e+00    8.434e+02    5.877e-01
   15     613    5.286907e+02    0.000e+00    5.742e+02    1.372e+00
   16     651    5.256966e+02    0.000e+00    4.952e+02    8.297e-01
   17     691    5.224240e+02    0.000e+00    4.591e+02    6.117e-01
   18     731    5.210702e+02    0.000e+00    4.635e+02    2.259e-01
   19     770    5.186215e+02    0.000e+00    6.663e+02    1.467e+00
   20     810    5.175197e+02    0.000e+00    6.184e+02    5.224e-01
   21     848    5.164901e+02    0.000e+00    2.886e+02    4.717e-01
   22     887    5.156191e+02    0.000e+00    4.458e+02    1.678e+00
   23     926    5.147564e+02    0.000e+00    5.708e+02    2.209e-01
   24     965    5.131163e+02    0.000e+00    2.169e+02    1.051e+00
   25    1005    5.129004e+02    0.000e+00    2.168e+02    2.606e-01
   26    1044    5.128079e+02    0.000e+00    2.723e+02    4.279e-01
   27    1087    5.121638e+02    0.000e+00    2.246e+02    8.032e-02
   28    1125    5.116085e+02    0.000e+00    2.368e+02    2.790e-01
   29    1168    5.108551e+02    0.000e+00    6.920e+01    3.265e-02
   30    1207    5.107606e+02    0.000e+00    7.544e+01    8.285e-02

                                            First-order      Norm of
 Iter F-count            f(x)  Feasibility   optimality         step
   31    1247    5.106668e+02    0.000e+00    6.243e+01    1.717e-01
   32    1287    5.103676e+02    0.000e+00    1.991e+02    2.830e-01
   33    1327    5.099994e+02    0.000e+00    1.837e+02    2.903e-01
   34    1369    5.098298e+02    0.000e+00    3.576e+02    8.432e-02
   35    1408    5.096989e+02    0.000e+00    3.890e+02    1.063e-01
   36    1449    5.091014e+02    0.000e+00    6.973e+01    6.867e-02
   37    1489    5.090530e+02    0.000e+00    6.758e+01    1.135e-01
   38    1529    5.089553e+02    0.000e+00    1.108e+02    9.546e-02
   39    1569    5.088291e+02    0.000e+00    2.509e+02    2.587e-01
   40    1608    5.086164e+02    0.000e+00    4.935e+02    1.812e-01
   41    1651    5.081574e+02    0.000e+00    2.460e+01    7.821e-02
   42    1690    5.081699e+02    0.000e+00    1.370e+02    1.329e-01
   43    1731    5.080736e+02    0.000e+00    1.025e+02    2.538e-01
   44    1771    5.080477e+02    0.000e+00    1.519e+02    3.775e-02
   45    1810    5.080114e+02    0.000e+00    4.333e+01    9.311e-02
   46    1852    5.079578e+02    0.000e+00    1.764e+01    8.504e-02
   47    1892    5.079321e+02    0.000e+00    3.155e+01    3.261e-02
   48    1931    5.078215e+02    0.000e+00    8.718e+01    1.406e-01
   49    1975    5.077593e+02    0.000e+00    3.571e+01    1.886e-02
   50    2013    5.077264e+02    0.000e+00    3.943e+01    5.838e-02
   51    2052    5.076683e+02    0.000e+00    3.692e+01    1.152e-01
   52    2092    5.076221e+02    0.000e+00    3.492e+01    1.104e-01
   53    2136    5.076118e+02    0.000e+00    1.949e+01    1.413e-02
   54    2175    5.076094e+02    0.000e+00    1.642e+01    2.478e-02
   55    2213    5.075902e+02    0.000e+00    2.900e+01    7.666e-02
   56    2256    5.075850e+02    0.000e+00    2.426e+01    2.652e-02
   57    2295    5.075822e+02    0.000e+00    2.401e+01    4.680e-02
   58    2333    5.075540e+02    0.000e+00    3.762e+01    1.077e-01
   59    2372    5.075313e+02    0.000e+00    1.439e+02    4.696e-01
   60    2409    5.071744e+02    0.000e+00    1.106e+02    1.604e-01

                                            First-order      Norm of
 Iter F-count            f(x)  Feasibility   optimality         step
   61    2454    5.069300e+02    0.000e+00    3.905e+01    8.862e-03
   62    2492    5.069464e+02    0.000e+00    8.104e+01    1.704e-01
   63    2529    5.069102e+02    0.000e+00    3.919e+02    6.141e-01
   64    2567    5.065181e+02    0.000e+00    2.735e+02    2.990e-01
   65    2604    5.064617e+02    0.000e+00    2.788e+02    5.541e-01
   66    2641    5.059573e+02    0.000e+00    7.510e+01    2.620e-01
   67    2678    5.057418e+02    0.000e+00    4.673e+01    1.847e-01
   68    2715    5.055918e+02    0.000e+00    4.980e+01    1.134e-01
   69    2752    5.054919e+02    0.000e+00    4.784e+01    9.578e-02
   70    2789    5.054299e+02    0.000e+00    3.953e+01    6.440e-02
   71    2826    5.053584e+02    0.000e+00    7.814e+01    2.537e-02
   72    2863    5.052427e+02    0.000e+00    7.647e+01    6.595e-02
   73    2900    5.050219e+02    0.000e+00    2.248e+01    1.190e-01
   74    2937    5.047826e+02    0.000e+00    2.196e+01    1.954e-01
   75    2974    5.046279e+02    0.000e+00    8.084e+01    9.956e-02
   76    3011    5.044967e+02    0.000e+00    7.407e+01    1.313e-01
   77    3048    5.044394e+02    0.000e+00    3.144e+01    6.850e-02
   78    3085    5.043659e+02    0.000e+00    2.690e+01    7.901e-02
   79    3122    5.043095e+02    0.000e+00    6.197e+01    8.938e-02
   80    3159    5.042729e+02    0.000e+00    4.000e+01    3.641e-02
   81    3196    5.042363e+02    0.000e+00    4.070e+01    4.484e-02
   82    3233    5.041978e+02    0.000e+00    1.001e+01    4.424e-02
   83    3270    5.041611e+02    0.000e+00    3.354e+01    6.570e-02
   84    3307    5.041405e+02    0.000e+00    4.713e+01    5.221e-02
   85    3344    5.041315e+02    0.000e+00    2.258e+01    3.821e-02
   86    3381    5.041372e+02    0.000e+00    7.635e+00    4.483e-02
   87    3418    5.041312e+02    0.000e+00    2.176e+00    1.361e-02
   88    3455    5.041313e+02    0.000e+00    1.435e+00    1.134e-02
   89    3492    5.041333e+02    0.000e+00    7.702e-01    1.881e-02
   90    3529    5.041227e+02    0.000e+00    1.540e+00    5.132e-02

                                            First-order      Norm of
 Iter F-count            f(x)  Feasibility   optimality         step
   91    3566    5.041210e+02    0.000e+00    1.151e+00    1.728e-02
   92    3603    5.041209e+02    0.000e+00    6.807e-01    2.405e-03
   93    3640    5.041208e+02    0.000e+00    3.375e-02    1.390e-03
   94    3677    5.041203e+02    0.000e+00    8.833e-01    1.783e-02
   95    3714    5.041203e+02    0.000e+00    6.573e-02    5.139e-03
   96    3751    5.041203e+02    0.000e+00    3.182e-02    1.230e-03
   97    3789    5.041203e+02    0.000e+00    3.188e-02    4.717e-04
   98    3828    5.041203e+02    0.000e+00    4.973e-02    6.235e-04
   99    3871    5.041203e+02    0.000e+00    6.540e-03    3.340e-04
  100    3910    5.041202e+02    0.000e+00    2.363e-02    2.840e-03
  101    3947    5.041202e+02    0.000e+00    4.418e-02    2.093e-03
  102    3984    5.041202e+02    0.000e+00    4.517e-02    7.114e-04
  103    4022    5.041202e+02    0.000e+00    3.816e-02    4.587e-04
  104    4060    5.041202e+02    0.000e+00    3.684e-02    5.176e-04
  105    4099    5.041202e+02    0.000e+00    2.206e-02    4.053e-04
  106    4137    5.041202e+02    0.000e+00    5.193e-02    3.880e-04
  107    4174    5.041202e+02    0.000e+00    1.101e-02    3.376e-04
  108    4217    5.041202e+02    0.000e+00    3.352e-02    1.458e-04
  109    4256    5.041202e+02    0.000e+00    3.153e-02    6.518e-05
  110    4295    5.041202e+02    0.000e+00    2.450e-02    1.700e-04
  111    4332    5.041202e+02    0.000e+00    2.200e-02    8.500e-05
  112    4369    5.041202e+02    0.000e+00    6.813e-02    4.390e-04
  113    4406    5.041202e+02    0.000e+00    3.959e-02    3.719e-04
  114    4444    5.041202e+02    0.000e+00    1.715e-02    1.062e-04
  115    4484    5.041202e+02    0.000e+00    5.871e-02    5.562e-05
  116    4521    5.041202e+02    0.000e+00    1.535e-02    1.304e-04
  117    4560    5.041202e+02    0.000e+00    2.363e-02    6.848e-05
  118    4597    5.041202e+02    0.000e+00    1.063e-02    1.034e-04
  119    4637    5.041202e+02    0.000e+00    1.177e-02    1.337e-05
  120    4678    5.041202e+02    0.000e+00    8.640e-03    2.933e-05

                                            First-order      Norm of
 Iter F-count            f(x)  Feasibility   optimality         step
  121    4717    5.041202e+02    0.000e+00    8.251e-03    2.266e-05
  122    4754    5.041202e+02    0.000e+00    1.063e-02    5.257e-05
  123    4794    5.041202e+02    0.000e+00    6.830e-03    9.552e-06
  124    4837    5.041202e+02    0.000e+00    8.921e-03    4.173e-06
  125    4875    5.041202e+02    0.000e+00    8.502e-03    6.778e-06
  126    4916    5.041202e+02    0.000e+00    1.294e-02    1.034e-05
  127    4954    5.041202e+02    0.000e+00    1.166e-02    2.744e-05
  128    4993    5.041202e+02    0.000e+00    1.579e-02    6.524e-05
  129    5031    5.041202e+02    0.000e+00    1.878e-02    4.775e-05
  130    5071    5.041202e+02    0.000e+00    2.739e-02    1.639e-05
  131    5110    5.041202e+02    0.000e+00    3.286e-02    5.518e-05
  132    5148    5.041202e+02    0.000e+00    1.877e-02    3.902e-05
  133    5185    5.041202e+02    0.000e+00    9.457e-03    4.963e-05
  134    5225    5.041202e+02    0.000e+00    1.456e-02    1.530e-05
  135    5263    5.041202e+02    0.000e+00    2.571e-02    2.619e-05
  136    5302    5.041202e+02    0.000e+00    1.428e-02    7.476e-06
  137    5344    5.041202e+02    0.000e+00    6.638e-03    9.521e-06
  138    5382    5.041202e+02    0.000e+00    1.731e-02    6.163e-06
  139    5424    5.041202e+02    0.000e+00    4.357e-03    6.924e-06
  140    5462    5.041202e+02    0.000e+00    9.143e-03    5.836e-06
  141    5504    5.041202e+02    0.000e+00    6.010e-03    6.412e-06
  142    5543    5.041202e+02    0.000e+00    1.328e-02    4.175e-06
  143    5580    5.041202e+02    0.000e+00    1.755e-02    1.783e-05
  144    5624    5.041202e+02    0.000e+00    4.179e-03    2.710e-06

<a href = "matlab: helpview([docroot '/toolbox/optim/msg_csh/optim_msg_csh.map'],'local_min_poss_with_constr','CSHelpWindow');">Local minimum possible. Constraints satisfied</a>.

fmincon stopped because the <a href = "matlab: helpview([docroot '/toolbox/optim/msg_csh/optim_msg_csh.map'],'norm_curr_step_simple_fminconip','CSHelpWindow');">size of the current step</a> is less than
the selected value of the <a href = "matlab: helpview([docroot '/toolbox/optim/msg_csh/optim_msg_csh.map'],'step_size_tol','CSHelpWindow');">step size tolerance</a> and constraints are 
satisfied to within the default value of the <a href = "matlab: helpview([docroot '/toolbox/optim/msg_csh/optim_msg_csh.map'],'constraint_tolerance','CSHelpWindow');">constraint tolerance</a>.

<<a href = "matlab: createExitMsg('barrier',2.000000e+00,true,true,'fmincon',9.382097e-07,'selected',1.000000e-06,0.000000e+00,'default',1.000000e-06,0.000000e+00,'',0.000000e+00);">stopping criteria details</a>>


Final value of minus the log posterior (or likelihood):504.120228 

RESULTS FROM POSTERIOR ESTIMATION
parameters
         prior mean     mode    s.d. prior pstdev

phi          4.000   6.6439  1.0733 norm  1.5000 
sigma_c      1.500   1.8216  0.2029 norm  0.3750 
lambda       0.700   0.6940  0.0489 beta  0.1000 
xi_w         0.500   0.7777  0.0778 beta  0.1000 
sigma_l      2.000   1.0644  0.6666 norm  0.7500 
xi_p         0.500   0.7869  0.0399 beta  0.1000 
iota_w       0.500   0.4442  0.1665 beta  0.1500 
iota_p       0.500   0.2375  0.0860 beta  0.1500 
psi          0.500   0.6901  0.0930 beta  0.1500 
phi_p        1.250   1.5178  0.0749 norm  0.1250 
r_pi         1.500   1.6565  0.1740 norm  0.2500 
rho          0.750   0.8457  0.0207 beta  0.1000 
r_y          0.125   0.0561  0.0142 norm  0.0500 
r_dy         0.125   0.0964  0.0173 norm  0.0500 
pi_bar       0.625   0.6689  0.0553 gamm  0.1000 
beta_const   0.250   0.2100  0.0917 gamm  0.1000 
l_bar        0.000   0.9427  0.8518 norm  2.0000 
gamma_bar    0.400   0.3550  0.0363 norm  0.1000 
rho_ga       0.500   0.4957  0.0874 norm  0.2500 
alpha        0.300   0.2254  0.0345 norm  0.0500 
rho_a        0.500   0.9902  0.0037 beta  0.2000 
rho_b        0.500   0.3511  0.1120 beta  0.2000 
rho_g        0.500   0.9502  0.0135 beta  0.2000 
rho_i        0.500   0.8219  0.0403 beta  0.2000 
rho_r        0.500   0.2874  0.0782 beta  0.2000 
rho_p        0.500   0.9216  0.0389 beta  0.2000 
rho_w        0.500   0.7626  0.2138 beta  0.2000 
mu_p         0.500   0.8376  0.0622 beta  0.2000 
mu_w         0.500   0.7471  0.2068 beta  0.2000 

standard deviation of shocks
         prior mean     mode    s.d. prior pstdev

eta_a        0.100   0.3816  0.0259 invg  2.0000 
eta_b        0.100   0.1702  0.0265 invg  2.0000 
eta_g        0.100   0.3915  0.0247 invg  2.0000 
eta_i        0.100   0.3025  0.0304 invg  2.0000 
eta_r        0.100   0.1075  0.0073 invg  2.0000 
eta_p        0.100   0.1044  0.0110 invg  2.0000 
eta_w        0.100   0.4598  0.0366 invg  2.0000 


Log data density [Laplace approximation] is -584.002667.


MODEL SUMMARY

  Number of variables:         29
  Number of stochastic shocks: 7
  Number of state variables:   16
  Number of jumpers:           7
  Number of static variables:  10


MATRIX OF COVARIANCE OF EXOGENOUS SHOCKS
Variables       eta_a     eta_b     eta_g     eta_i     eta_r     eta_p     eta_w
eta_a        0.145604  0.000000  0.000000  0.000000  0.000000  0.000000  0.000000
eta_b        0.000000  0.028983  0.000000  0.000000  0.000000  0.000000  0.000000
eta_g        0.000000  0.000000  0.153311  0.000000  0.000000  0.000000  0.000000
eta_i        0.000000  0.000000  0.000000  0.091505  0.000000  0.000000  0.000000
eta_r        0.000000  0.000000  0.000000  0.000000  0.011548  0.000000  0.000000
eta_p        0.000000  0.000000  0.000000  0.000000  0.000000  0.010903  0.000000
eta_w        0.000000  0.000000  0.000000  0.000000  0.000000  0.000000  0.211397

POLICY AND TRANSITION FUNCTIONS
                                  mc            zcap              rk               k               q               c            inve               y             lab            pinf               w               r              kp           eps_a           eps_b           eps_g           eps_i           eps_r           eps_p           eps_w          labobs            robs         pinfobs              dy              dc           dinve              dw
Constant                           0               0               0               0               0               0               0               0               0               0               0               0               0               0               0               0               0               0               0               0        0.942659        1.154180        0.668892        0.354987        0.354987        0.354987        0.354987
y(-1)                       0.029664        0.028039        0.062432        0.028039        0.356864        0.090346        0.142314        0.092292        0.070339        0.013183        0.020132       -0.083320        0.004111               0               0               0               0               0               0               0        0.070339       -0.083320        0.013183       -0.907708        0.090346        0.142314        0.020132
r(-1)                      -0.260296       -0.246036       -0.547822       -0.246036       -3.131373       -0.792757       -1.248758       -0.809834       -0.617206       -0.115681       -0.176652        0.731108       -0.036070               0               0               0               0               0               0               0       -0.617206        0.731108       -0.115681       -0.809834       -0.792757       -1.248758       -0.176652
kp(-1)                     -0.192639       -0.391387       -0.871457        0.608613       -0.153588       -0.000017       -0.057103       -0.106557       -0.267680       -0.031592        0.004837       -0.019266        0.969466               0               0               0               0               0               0               0       -0.267680       -0.019266       -0.031592       -0.106557       -0.000017       -0.057103        0.004837
eps_a(-1)                  -1.088350       -0.334054       -0.743802       -0.334054       -0.041979        0.065979        0.256110        0.015927       -1.167478       -0.089987        0.089622       -0.032890        0.007398        0.990158               0               0               0               0               0               0       -1.167478       -0.032890       -0.089987        0.015927        0.065979        0.256110        0.089622
eps_b(-1)                   0.194831        0.243052        0.541176        0.243052        4.884124        1.085476        0.841721        0.894580        0.690152        0.027532        0.094076        0.101001        0.024313               0        0.351078               0               0               0               0               0        0.690152        0.101001        0.027532        0.894580        1.085476        0.841721        0.094076
eps_g(-1)                   0.139494        0.243363        0.541868        0.243363       -0.355489        0.058454       -0.287695        0.980092        0.762791        0.031496        0.022440        0.110996       -0.008310               0               0        0.950212               0               0               0               0        0.762791        0.110996        0.031496        0.980092        0.058454       -0.287695        0.022440
eps_i(-1)                   0.242024        0.249406        0.555326        0.249406       -2.636585       -0.012765        3.630185        0.854072        0.653851        0.084482        0.150881        0.111299        0.263854               0               0               0        0.821942               0               0               0        0.653851        0.111299        0.084482        0.854072       -0.012765        3.630185        0.150881
eps_r(-1)                  -0.126798       -0.117468       -0.261553       -0.117468       -1.421793       -0.366118       -0.612448       -0.382820       -0.291424       -0.058616       -0.087597        0.232254       -0.017690               0               0               0               0        0.287443               0               0       -0.291424        0.232254       -0.058616       -0.382820       -0.366118       -0.612448       -0.087597
eps_p(-1)                  -7.805302       -3.160971       -7.038182       -3.160971       -0.037518       -0.766700      -10.934930       -3.633362       -2.170689        6.280716       -8.028465        1.223363       -0.315850               0               0               0               0               0        0.921611               0       -2.170689        1.223363        6.280716       -3.633362       -0.766700      -10.934930       -8.028465
eps_w(-1)                   3.246275        1.009220        2.247118        1.009220        1.387692       -0.258358       -0.326654        0.015274       -0.280602        0.617501        3.536940        0.159403       -0.009435               0               0               0               0               0               0        0.762584       -0.280602        0.159403        0.617501        0.015274       -0.258358       -0.326654        3.536940
eta_p(-1)                   7.093846        2.872848        6.396649        2.872848        0.034098        0.696815        9.938206        3.302180        1.972829       -5.708226        7.296667       -1.111853        0.287060               0               0               0               0               0       -0.837606               0        1.972829       -1.111853       -5.708226        3.302180        0.696815        9.938206        7.296667
eta_w(-1)                  -3.180207       -0.988681       -2.201385       -0.988681       -1.359450        0.253100        0.320006       -0.014963        0.274891       -0.604933       -3.464956       -0.156159        0.009243               0               0               0               0               0               0       -0.747064        0.274891       -0.156159       -0.604933       -0.014963        0.253100        0.320006       -3.464956
c(-1)                       0.079489        0.127664        0.284255        0.127664       -0.116471        0.807882       -0.045692        0.504559        0.391998        0.008371        0.019921        0.055137       -0.001320               0               0               0               0               0               0               0        0.391998        0.055137        0.008371        0.504559       -0.192118       -0.045692        0.019921
inve(-1)                    0.041620        0.060552        0.134824        0.060552       -0.132370        0.052509        0.848298        0.233370        0.180871        0.004724        0.014506        0.025720        0.024503               0               0               0               0               0               0               0        0.180871        0.025720        0.004724        0.233370        0.052509       -0.151702        0.014506
pinf(-1)                    0.132429        0.029532        0.065755        0.029532       -0.198775       -0.063260       -0.115727       -0.056375       -0.056539        0.236526        0.151825        0.054521       -0.003343               0               0               0               0               0               0               0       -0.056539        0.054521        0.236526       -0.056375       -0.063260       -0.115727        0.151825
w(-1)                       0.785845        0.251965        0.561023        0.251965        0.058591       -0.023867       -0.022519        0.041199       -0.038259        0.039508        0.851248        0.014424       -0.000650               0               0               0               0               0               0               0       -0.038259        0.014424        0.039508        0.041199       -0.023867       -0.022519       -0.148752
eta_a                      -0.980923       -0.167433       -0.372805       -0.167433        0.319175        0.235620        0.326716        0.668867       -0.673317       -0.054241        0.133080       -0.103030        0.009437        1.000000               0        0.495721               0               0               0               0       -0.673317       -0.103030       -0.054241        0.668867        0.235620        0.326716        0.133080
eta_b                       0.554950        0.692301        1.541469        0.692301       13.911781        3.091834        2.397530        2.548093        1.965807        0.078421        0.267962        0.287687        0.069251               0        1.000000               0               0               0               0               0        1.965807        0.287687        0.078421        2.548093        3.091834        2.397530        0.267962
eta_g                       0.146803        0.256114        0.570260        0.256114       -0.374115        0.061517       -0.302769        1.031445        0.802759        0.033146        0.023615        0.116812       -0.008745               0               0        1.000000               0               0               0               0        0.802759        0.116812        0.033146        1.031445        0.061517       -0.302769        0.023615
eta_i                       0.294454        0.303436        0.675627        0.303436       -3.207752       -0.015530        4.416598        1.039091        0.795496        0.102784        0.183567        0.135410        0.321013               0               0               0        1.000000               0               0               0        0.795496        0.135410        0.102784        1.039091       -0.015530        4.416598        0.183567
eta_r                      -0.441124       -0.408664       -0.909927       -0.408664       -4.946343       -1.273705       -2.130674       -1.331811       -1.013847       -0.203921       -0.304744        0.807998       -0.061543               0               0               0               0        1.000000               0               0       -1.013847        0.807998       -0.203921       -1.331811       -1.273705       -2.130674       -0.304744
eta_p                      -1.797369       -0.702595       -1.564389       -0.702595       -1.067653       -0.325048       -1.581867       -0.712778       -0.401840        1.657550       -1.865145        0.348710       -0.045691               0               0               0               0               0        1.000000               0       -0.401840        0.348710        1.657550       -0.712778       -0.325048       -1.581867       -1.865145
eta_w                       1.624421        0.519994        1.157812        0.519994        0.151690       -0.053599       -0.052784        0.081027       -0.082356        0.093792        1.760162        0.032479       -0.001525               0               0               0               0               0               0        1.000000       -0.082356        0.032479        0.093792        0.081027       -0.053599       -0.052784        1.760162


MOMENTS OF SIMULATED VARIABLES
VARIABLE              MEAN       STD. DEV.        VARIANCE        SKEWNESS        KURTOSIS
mc                0.003627        2.771806        7.682909        0.004290       -0.130646
zcap              0.110647        2.003562        4.014260       -0.014896       -0.233704
rk                0.246365        4.461108       19.901481       -0.014896       -0.233704
k                -0.344050        6.624327       43.881704       -0.021302        0.030033
q                 0.050816        4.007561       16.060548        0.010733        0.021444
c                -0.228765        6.044336       36.533998       -0.038573       -0.269880
inve             -0.404094       11.462523      131.389435       -0.014975       -0.002085
y                -0.153770        6.002196       36.026361       -0.001449       -0.225604
lab               0.098971        2.784138        7.751422        0.061474       -0.096103
pinf              0.011317        0.320299        0.102591        0.079415       -0.102697
w                -0.196655        4.836328       23.390073       -0.013432       -0.207939
r                 0.007086        0.504830        0.254853        0.004070       -0.162936
kp               -0.454572        7.878004       62.062943       -0.002698        0.031858
eps_a            -0.100446        2.740528        7.510492        0.041983       -0.478433
eps_b            -0.001821        0.180657        0.032637       -0.010853        0.013376
eps_g             0.045991        1.308096        1.711114       -0.030959       -0.033025
eps_i            -0.006908        0.511923        0.262065       -0.011069        0.220069
eps_r            -0.001757        0.111547        0.012443        0.000987        0.020297
eps_p            -0.000253        0.107461        0.011548        0.047307       -0.015124
eps_w            -0.002716        0.454843        0.206882        0.001677       -0.016731
labobs            1.041629        2.784138        7.751422        0.061474       -0.096103
robs              1.161266        0.504830        0.254853        0.004070       -0.162936
pinfobs           0.680209        0.320299        0.102591        0.079415       -0.102697
dy                0.355350        0.896830        0.804304       -0.015449       -0.030400
dc                0.355307        0.685943        0.470518        0.001372        0.051760
dinve             0.355838        1.951238        3.807330        0.045066       -0.042286
dw                0.355826        0.884552        0.782432        0.009470       -0.004015


CORRELATION OF SIMULATED VARIABLES
VARIABLE         mc     zcap       rk        k        q        c     inve        y      lab     pinf        w        r       kp    eps_a    eps_b    eps_g    eps_i    eps_r    eps_p    eps_w   labobs     robs  pinfobs       dy       dc    dinve       dw
mc           1.0000   0.3958   0.3958   0.3947  -0.2655   0.2930   0.4650   0.4068   0.5838   0.2104   0.5697   0.3797   0.2478  -0.0874   0.0539   0.0099   0.2940  -0.0310  -0.1909   0.2828   0.5838   0.3797   0.2104  -0.0878  -0.0342  -0.0946   0.1547
zcap         0.3958   1.0000   1.0000  -0.5337   0.0160  -0.2783  -0.0204  -0.0434   0.6049   0.5259  -0.1568   0.5337  -0.6815  -0.2479   0.1045   0.2434   0.1671  -0.0369  -0.0920   0.1308   0.6049   0.5337   0.5259   0.1862   0.1974   0.1798   0.1976
rk           0.3958   1.0000   1.0000  -0.5337   0.0160  -0.2783  -0.0204  -0.0434   0.6049   0.5259  -0.1568   0.5337  -0.6815  -0.2479   0.1045   0.2434   0.1671  -0.0369  -0.0920   0.1308   0.6049   0.5337   0.5259   0.1862   0.1974   0.1798   0.1976
k            0.3947  -0.5337  -0.5337   1.0000  -0.2877   0.8678   0.7337   0.7964   0.0427  -0.3633   0.8528  -0.1590   0.9821   0.5709  -0.0008   0.0278   0.2250  -0.0215  -0.0718   0.0335   0.0427  -0.1590  -0.3633  -0.1175  -0.0546  -0.1671  -0.0086
q           -0.2655   0.0160   0.0160  -0.2877   1.0000  -0.0932  -0.5026  -0.2777  -0.3422  -0.1782  -0.1823  -0.4981  -0.2682   0.0252   0.6131  -0.0494  -0.6530  -0.1747  -0.0276  -0.0018  -0.3422  -0.4981  -0.1782   0.2289   0.4422  -0.0046   0.0077
c            0.2930  -0.2783  -0.2783   0.8678  -0.0932   1.0000   0.7671   0.9344   0.1002  -0.3283   0.8742  -0.1954   0.8114   0.7967   0.0996   0.1366   0.1427  -0.0572  -0.0697  -0.0164   0.1002  -0.1954  -0.3283  -0.0340   0.0567  -0.0972   0.0348
inve         0.4650  -0.0204  -0.0204   0.7337  -0.5026   0.7671   1.0000   0.8801   0.4634  -0.0669   0.7194   0.2529   0.6539   0.5056   0.0386  -0.0132   0.6096  -0.0385  -0.0875   0.0054   0.4634   0.2529  -0.0669   0.1318   0.2146   0.0854   0.1180
y            0.4068  -0.0434  -0.0434   0.7964  -0.2777   0.9344   0.8801   1.0000   0.3447  -0.1628   0.8524   0.0696   0.7025   0.7379   0.0787   0.3143   0.3593  -0.0558  -0.0903   0.0054   0.3447   0.0696  -0.1628   0.0747   0.1552  -0.0108   0.1000
lab          0.5838   0.6049   0.6049   0.0427  -0.3422   0.1002   0.4634   0.3447   1.0000   0.4347   0.0408   0.7067  -0.0887  -0.3128   0.1859   0.1850   0.5038  -0.0614  -0.0933  -0.0002   1.0000   0.7067   0.4347   0.1473   0.2271   0.0558   0.1369
pinf         0.2104   0.5259   0.5259  -0.3633  -0.1782  -0.3283  -0.0669  -0.1628   0.4347   1.0000  -0.2627   0.6260  -0.4260  -0.3791   0.0854   0.0979   0.2715  -0.0915   0.5935   0.1514   0.4347   0.6260   1.0000   0.0183   0.0067   0.0570  -0.0117
w            0.5697  -0.1568  -0.1568   0.8528  -0.1823   0.8742   0.7194   0.8524   0.0408  -0.2627   1.0000  -0.1323   0.7675   0.7333  -0.0118   0.1562   0.1723  -0.0281  -0.1295   0.1666   0.0408  -0.1323  -0.2627  -0.0740  -0.0234  -0.0952   0.0916
r            0.3797   0.5337   0.5337  -0.1590  -0.4981  -0.1954   0.2529   0.0696   0.7067   0.6260  -0.1323   1.0000  -0.2448  -0.3691   0.1501   0.1745   0.4990   0.2229   0.0886   0.0556   0.7067   1.0000   0.6260  -0.0003   0.0444  -0.0376   0.0374
kp           0.2478  -0.6815  -0.6815   0.9821  -0.2682   0.8114   0.6539   0.7025  -0.0887  -0.4260   0.7675  -0.2448   1.0000   0.5486  -0.0247  -0.0378   0.1807  -0.0099  -0.0398  -0.0045  -0.0887  -0.2448  -0.4260  -0.1311  -0.0818  -0.1690  -0.0491
eps_a       -0.0874  -0.2479  -0.2479   0.5709   0.0252   0.7967   0.5056   0.7379  -0.3128  -0.3791   0.7333  -0.3691   0.5486   1.0000  -0.0323   0.2928  -0.0006  -0.0206  -0.0177  -0.0102  -0.3128  -0.3691  -0.3791   0.0560   0.0750   0.0315   0.0413
eps_b        0.0539   0.1045   0.1045  -0.0008   0.6131   0.0996   0.0386   0.0787   0.1859   0.0854  -0.0118   0.1501  -0.0247  -0.0323   1.0000  -0.0274   0.0128  -0.0135  -0.0021  -0.0015   0.1859   0.1501   0.0854   0.4953   0.7590   0.2196   0.0615
eps_g        0.0099   0.2434   0.2434   0.0278  -0.0494   0.1366  -0.0132   0.3143   0.1850   0.0979   0.1562   0.1745  -0.0378   0.2928  -0.0274   1.0000   0.0122  -0.0097  -0.0181   0.0117   0.1850   0.1745   0.0979   0.1134   0.0674  -0.0119   0.0615
eps_i        0.2940   0.1671   0.1671   0.2250  -0.6530   0.1427   0.6096   0.3593   0.5038   0.2715   0.1723   0.4990   0.1807  -0.0006   0.0128   0.0122   1.0000   0.0084  -0.0130   0.0172   0.5038   0.4990   0.2715   0.4193   0.1985   0.6559   0.1437
eps_r       -0.0310  -0.0369  -0.0369  -0.0215  -0.1747  -0.0572  -0.0385  -0.0558  -0.0614  -0.0915  -0.0281   0.2229  -0.0099  -0.0206  -0.0135  -0.0097   0.0084   1.0000   0.0012  -0.0033  -0.0614   0.2229  -0.0915  -0.1939  -0.2439  -0.1312  -0.0520
eps_p       -0.1909  -0.0920  -0.0920  -0.0718  -0.0276  -0.0697  -0.0875  -0.0903  -0.0933   0.5935  -0.1295   0.0886  -0.0398  -0.0177  -0.0021  -0.0181  -0.0130   0.0012   1.0000  -0.0019  -0.0933   0.0886   0.5935  -0.1028  -0.0851  -0.0839  -0.2306
eps_w        0.2828   0.1308   0.1308   0.0335  -0.0018  -0.0164   0.0054   0.0054  -0.0002   0.1514   0.1666   0.0556  -0.0045  -0.0102  -0.0015   0.0117   0.0172  -0.0033  -0.0019   1.0000  -0.0002   0.0556   0.1514   0.0546  -0.0262  -0.0122   0.9016
labobs       0.5838   0.6049   0.6049   0.0427  -0.3422   0.1002   0.4634   0.3447   1.0000   0.4347   0.0408   0.7067  -0.0887  -0.3128   0.1859   0.1850   0.5038  -0.0614  -0.0933  -0.0002   1.0000   0.7067   0.4347   0.1473   0.2271   0.0558   0.1369
robs         0.3797   0.5337   0.5337  -0.1590  -0.4981  -0.1954   0.2529   0.0696   0.7067   0.6260  -0.1323   1.0000  -0.2448  -0.3691   0.1501   0.1745   0.4990   0.2229   0.0886   0.0556   0.7067   1.0000   0.6260  -0.0003   0.0444  -0.0376   0.0374
pinfobs      0.2104   0.5259   0.5259  -0.3633  -0.1782  -0.3283  -0.0669  -0.1628   0.4347   1.0000  -0.2627   0.6260  -0.4260  -0.3791   0.0854   0.0979   0.2715  -0.0915   0.5935   0.1514   0.4347   0.6260   1.0000   0.0183   0.0067   0.0570  -0.0117
dy          -0.0878   0.1862   0.1862  -0.1175   0.2289  -0.0340   0.1318   0.0747   0.1473   0.0183  -0.0740  -0.0003  -0.1311   0.0560   0.4953   0.1134   0.4193  -0.1939  -0.1028   0.0546   0.1473  -0.0003   0.0183   1.0000   0.7394   0.7003   0.2638
dc          -0.0342   0.1974   0.1974  -0.0546   0.4422   0.0567   0.2146   0.1552   0.2271   0.0067  -0.0234   0.0444  -0.0818   0.0750   0.7590   0.0674   0.1985  -0.2439  -0.0851  -0.0262   0.2271   0.0444   0.0067   0.7394   1.0000   0.4024   0.1785
dinve       -0.0946   0.1798   0.1798  -0.1671  -0.0046  -0.0972   0.0854  -0.0108   0.0558   0.0570  -0.0952  -0.0376  -0.1690   0.0315   0.2196  -0.0119   0.6559  -0.1312  -0.0839  -0.0122   0.0558  -0.0376   0.0570   0.7003   0.4024   1.0000   0.1690
dw           0.1547   0.1976   0.1976  -0.0086   0.0077   0.0348   0.1180   0.1000   0.1369  -0.0117   0.0916   0.0374  -0.0491   0.0413   0.0615   0.0615   0.1437  -0.0520  -0.2306   0.9016   0.1369   0.0374  -0.0117   0.2638   0.1785   0.1690   1.0000


AUTOCORRELATION OF SIMULATED VARIABLES
VARIABLE         1       2       3       4       5
mc          0.9456  0.8898  0.8315  0.7734  0.7130
zcap        0.9837  0.9614  0.9350  0.9063  0.8755
rk          0.9837  0.9614  0.9350  0.9063  0.8755
k           0.9974  0.9924  0.9851  0.9761  0.9655
q           0.6943  0.5579  0.4853  0.4277  0.3863
c           0.9935  0.9811  0.9656  0.9483  0.9301
inve        0.9854  0.9520  0.9068  0.8550  0.8004
y           0.9887  0.9685  0.9426  0.9133  0.8821
lab         0.9688  0.9187  0.8583  0.7927  0.7254
pinf        0.7850  0.6770  0.6030  0.5434  0.4935
w           0.9832  0.9655  0.9466  0.9266  0.9053
r           0.9564  0.8913  0.8222  0.7532  0.6861
kp          0.9990  0.9964  0.9923  0.9867  0.9798
eps_a       0.9900  0.9803  0.9704  0.9606  0.9509
eps_b       0.3604  0.1335  0.0555  0.0122  0.0051
eps_g       0.9436  0.8907  0.8413  0.7951  0.7526
eps_i       0.8100  0.6585  0.5325  0.4356  0.3569
eps_r       0.2829  0.0563  0.0158  0.0014 -0.0046
eps_p       0.1144  0.1031  0.0978  0.0893  0.0885
eps_w       0.0058  0.0123  0.0183  0.0308  0.0051
labobs      0.9688  0.9187  0.8583  0.7927  0.7254
robs        0.9564  0.8913  0.8222  0.7532  0.6861
pinfobs     0.7850  0.6770  0.6030  0.5434  0.4935
dy          0.4086  0.2498  0.1547  0.0839  0.0257
