Starting Dynare (version 4.5.4).
Starting preprocessing of the model file ...
WARNING: SW_Estimation_REE.mod:8.12-12.44: Symbol rho_ga declared twice.
WARNING: SW_Estimation_REE.mod:8.12-12.55: Symbol mu_w declared twice.
WARNING: SW_Estimation_REE.mod:8.12-12.60: Symbol mu_p declared twice.
Substitution of exo lags: added 2 auxiliary variables and equations.
Found 29 equation(s).
Evaluating expressions...done
Computing static model derivatives:
 - order 1
Computing dynamic model derivatives:
 - order 1
 - order 2
Processing outputs ...
done
Preprocessing completed.

You did not declare endogenous variables after the estimation/calib_smoother command.
Initial value of the log posterior (or likelihood): -1343.6456
                                            First-order      Norm of
 Iter F-count            f(x)  Feasibility   optimality         step
    0      37    1.343646e+03    0.000e+00    1.661e+03
    1      80    1.238440e+03    0.000e+00    1.010e+03    2.181e-01
    2     120    1.236901e+03    0.000e+00    8.059e+02    5.871e-02
    3     160    1.233174e+03    0.000e+00    6.619e+02    8.083e-02
    4     199    1.221067e+03    0.000e+00    4.430e+02    2.782e-01
    5     238    1.215203e+03    0.000e+00    5.353e+02    4.276e-01
User objective function returned Inf; trying a new point...
    6     277    1.199358e+03    0.000e+00    6.296e+02    1.831e+00
    7     315    1.176775e+03    0.000e+00    5.361e+02    1.824e+00
    8     354    1.168564e+03    0.000e+00    4.428e+02    2.151e-01
    9     394    1.163849e+03    0.000e+00    4.763e+02    4.540e-01
   10     433    1.151279e+03    0.000e+00    6.800e+02    1.194e+00
   11     472    1.148636e+03    0.000e+00    7.057e+02    8.044e-01
   12     511    1.147839e+03    0.000e+00    5.842e+02    2.621e-01
   13     549    1.142422e+03    0.000e+00    9.276e+02    3.053e+00
   14     588    1.134907e+03    0.000e+00    1.109e+03    1.059e+00
   15     626    1.133132e+03    0.000e+00    1.276e+03    1.493e+00
   16     665    1.127552e+03    0.000e+00    3.766e+02    5.904e-01
   17     705    1.123813e+03    0.000e+00    3.771e+02    6.926e-01
   18     744    1.115720e+03    0.000e+00    3.452e+02    1.637e+00
   19     784    1.114077e+03    0.000e+00    3.713e+02    2.669e-01
   20     824    1.112572e+03    0.000e+00    3.555e+02    3.421e-01
   21     862    1.112034e+03    0.000e+00    4.216e+02    7.373e-01
   22     901    1.110668e+03    0.000e+00    3.853e+02    3.862e-01
   23     940    1.109350e+03    0.000e+00    2.141e+02    6.447e-01
   24     980    1.108213e+03    0.000e+00    2.818e+02    3.339e-01
   25    1018    1.106778e+03    0.000e+00    1.509e+02    2.448e-01
   26    1057    1.105007e+03    0.000e+00    1.556e+02    2.832e-01
   27    1096    1.104314e+03    0.000e+00    1.481e+02    2.597e-01
   28    1136    1.102734e+03    0.000e+00    1.220e+02    4.617e-01
   29    1176    1.102404e+03    0.000e+00    1.392e+02    1.256e-01
User objective function returned Inf; trying a new point...
   30    1216    1.102133e+03    0.000e+00    1.038e+02    5.009e-01

                                            First-order      Norm of
 Iter F-count            f(x)  Feasibility   optimality         step
   31    1255    1.101725e+03    0.000e+00    1.579e+02    2.075e-01
   32    1295    1.101554e+03    0.000e+00    1.188e+02    3.844e-01
   33    1334    1.101409e+03    0.000e+00    1.442e+02    1.439e-01
User objective function returned Inf; trying a new point...
   34    1374    1.100877e+03    0.000e+00    2.156e+02    4.680e-01
   35    1414    1.100834e+03    0.000e+00    9.992e+01    7.509e-02
   36    1454    1.100363e+03    0.000e+00    6.431e+01    3.966e-01
   37    1493    1.100306e+03    0.000e+00    9.927e+01    1.703e-01
User objective function returned Inf; trying a new point...
   38    1537    1.100063e+03    0.000e+00    4.469e+01    2.894e-02
   39    1575    1.099918e+03    0.000e+00    4.837e+01    1.059e-01
   40    1616    1.099653e+03    0.000e+00    5.623e+01    2.622e-01
   41    1656    1.099593e+03    0.000e+00    4.868e+01    9.984e-02
   42    1698    1.099328e+03    0.000e+00    4.405e+01    6.537e-02
   43    1737    1.099299e+03    0.000e+00    5.044e+01    9.872e-02
   44    1776    1.099233e+03    0.000e+00    6.614e+01    8.241e-02
   45    1820    1.099230e+03    0.000e+00    4.756e+01    1.933e-02
   46    1858    1.099178e+03    0.000e+00    5.178e+01    6.195e-02
   47    1899    1.098934e+03    0.000e+00    7.801e+00    7.928e-02
   48    1942    1.098885e+03    0.000e+00    3.298e+01    9.474e-02
   49    1982    1.098869e+03    0.000e+00    4.954e+01    7.216e-02
   50    2023    1.098825e+03    0.000e+00    1.128e+01    8.283e-02
   51    2062    1.098814e+03    0.000e+00    1.260e+01    4.520e-02
   52    2102    1.098752e+03    0.000e+00    1.372e+01    9.486e-02
   53    2142    1.098740e+03    0.000e+00    8.295e+01    1.734e-01
   54    2185    1.098599e+03    0.000e+00    1.320e+01    5.462e-02
   55    2230    1.098563e+03    0.000e+00    1.013e+01    2.121e-02
   56    2268    1.098552e+03    0.000e+00    2.448e+01    8.764e-02
   57    2311    1.098526e+03    0.000e+00    1.121e+01    1.922e-02
   58    2349    1.098512e+03    0.000e+00    1.191e+01    1.134e-01
   59    2389    1.098495e+03    0.000e+00    1.239e+01    3.218e-02
   60    2432    1.098483e+03    0.000e+00    2.078e+01    2.098e-02

                                            First-order      Norm of
 Iter F-count            f(x)  Feasibility   optimality         step
   61    2470    1.098478e+03    0.000e+00    1.843e+01    2.925e-02
   62    2509    1.098484e+03    0.000e+00    2.215e+01    3.317e-02
   63    2554    1.098473e+03    0.000e+00    1.056e+01    3.538e-03
   64    2592    1.098466e+03    0.000e+00    9.127e+00    1.119e-02
   65    2629    1.098455e+03    0.000e+00    3.631e+00    1.691e-02
   66    2666    1.098451e+03    0.000e+00    2.808e+00    1.389e-02
   67    2703    1.098451e+03    0.000e+00    1.705e+00    2.874e-03
   68    2740    1.098451e+03    0.000e+00    4.928e-01    1.828e-03
   69    2777    1.098451e+03    0.000e+00    1.000e-01    6.783e-04
   70    2814    1.098444e+03    0.000e+00    1.382e+00    2.921e-02
   71    2851    1.098444e+03    0.000e+00    8.502e-01    9.433e-03
   72    2888    1.098444e+03    0.000e+00    4.689e-01    1.748e-03
   73    2925    1.098444e+03    0.000e+00    1.950e-01    1.052e-03
   74    2962    1.098444e+03    0.000e+00    2.328e-02    1.082e-03
   75    2999    1.098444e+03    0.000e+00    1.485e-02    2.521e-04
   76    3036    1.098444e+03    0.000e+00    7.721e-03    2.227e-04
   77    3074    1.098444e+03    0.000e+00    7.629e-03    4.123e-05
   78    3111    1.098444e+03    0.000e+00    3.031e-03    1.511e-04
   79    3154    1.098444e+03    0.000e+00    1.967e-03    2.418e-05
   80    3192    1.098444e+03    0.000e+00    2.459e-03    3.183e-05
   81    3231    1.098444e+03    0.000e+00    1.888e-03    3.585e-05
   82    3276    1.098444e+03    0.000e+00    1.975e-03    3.753e-06
   83    3314    1.098444e+03    0.000e+00    2.822e-03    4.093e-06
   84    3355    1.098444e+03    0.000e+00    2.423e-03    4.857e-06
   85    3397    1.098444e+03    0.000e+00    2.910e-03    6.513e-06
   86    3435    1.098444e+03    0.000e+00    1.049e-03    1.067e-05
   87    3477    1.098444e+03    0.000e+00    2.078e-03    3.739e-06

<a href = "matlab: helpview([docroot '/toolbox/optim/msg_csh/optim_msg_csh.map'],'local_min_poss_with_constr','CSHelpWindow');">Local minimum possible. Constraints satisfied</a>.

fmincon stopped because the <a href = "matlab: helpview([docroot '/toolbox/optim/msg_csh/optim_msg_csh.map'],'norm_curr_step_simple_fminconip','CSHelpWindow');">size of the current step</a> is less than
the selected value of the <a href = "matlab: helpview([docroot '/toolbox/optim/msg_csh/optim_msg_csh.map'],'step_size_tol','CSHelpWindow');">step size tolerance</a> and constraints are 
satisfied to within the default value of the <a href = "matlab: helpview([docroot '/toolbox/optim/msg_csh/optim_msg_csh.map'],'constraint_tolerance','CSHelpWindow');">constraint tolerance</a>.

<<a href = "matlab: createExitMsg('barrier',2.000000e+00,true,true,'fmincon',8.377292e-07,'selected',1.000000e-06,0.000000e+00,'default',1.000000e-06,0.000000e+00,'',0.000000e+00);">stopping criteria details</a>>


Final value of minus the log posterior (or likelihood):1098.443592 

RESULTS FROM POSTERIOR ESTIMATION
parameters
         prior mean     mode    s.d. prior pstdev

phi          4.000   4.5034  0.9318 norm  1.5000 
sigma_c      1.500   1.3593  0.1247 norm  0.3750 
lambda       0.700   0.7212  0.0558 beta  0.1000 
xi_w         0.500   0.5763  0.0794 beta  0.1000 
sigma_l      2.000  -0.4357  0.2646 norm  0.7500 
xi_p         0.500   0.8210  0.0445 beta  0.1000 
iota_w       0.500   0.6491  0.1386 beta  0.1500 
iota_p       0.500   0.2054  0.0771 beta  0.1500 
psi          0.500   0.7857  0.0858 beta  0.1500 
phi_p        1.250   1.6010  0.0708 norm  0.1250 
r_pi         1.500   1.5404  0.1282 norm  0.2500 
rho          0.750   0.8425  0.0221 beta  0.1000 
r_y          0.125   0.0541  0.0162 norm  0.0500 
r_dy         0.125   0.1749  0.0201 norm  0.0500 
pi_bar       0.625   0.7070  0.0699 gamm  0.1000 
beta_const   0.250   0.2100  0.0917 gamm  0.1000 
l_bar        0.000  -0.2249  1.0924 norm  2.0000 
gamma_bar    0.400   0.4063  0.0123 norm  0.1000 
rho_ga       0.500   0.5525  0.0793 norm  0.2500 
alpha        0.300   0.2049  0.0382 norm  0.0500 
rho_a        0.500   0.9596  0.0103 beta  0.2000 
rho_b        0.500   0.3744  0.0980 beta  0.2000 
rho_g        0.500   0.9722  0.0070 beta  0.2000 
rho_i        0.500   0.7866  0.0427 beta  0.2000 
rho_r        0.500   0.0841  0.0481 beta  0.2000 
rho_p        0.500   0.9137  0.0416 beta  0.2000 
rho_w        0.500   0.9789  0.0063 beta  0.2000 
mu_p         0.500   0.8282  0.0676 beta  0.2000 
mu_w         0.500   0.9111  0.0344 beta  0.2000 

standard deviation of shocks
         prior mean     mode    s.d. prior pstdev

eta_a        0.100   0.4320  0.0240 invg  2.0000 
eta_b        0.100   0.2080  0.0266 invg  2.0000 
eta_g        0.100   0.4916  0.0245 invg  2.0000 
eta_i        0.100   0.3696  0.0317 invg  2.0000 
eta_r        0.100   0.2111  0.0114 invg  2.0000 
eta_p        0.100   0.1242  0.0127 invg  2.0000 
eta_w        0.100   0.3777  0.0258 invg  2.0000 


Log data density [Laplace approximation] is -1185.802377.


MODEL SUMMARY

  Number of variables:         29
  Number of stochastic shocks: 7
  Number of state variables:   16
  Number of jumpers:           7
  Number of static variables:  10


MATRIX OF COVARIANCE OF EXOGENOUS SHOCKS
Variables       eta_a     eta_b     eta_g     eta_i     eta_r     eta_p     eta_w
eta_a        0.186592  0.000000  0.000000  0.000000  0.000000  0.000000  0.000000
eta_b        0.000000  0.043244  0.000000  0.000000  0.000000  0.000000  0.000000
eta_g        0.000000  0.000000  0.241629  0.000000  0.000000  0.000000  0.000000
eta_i        0.000000  0.000000  0.000000  0.136638  0.000000  0.000000  0.000000
eta_r        0.000000  0.000000  0.000000  0.000000  0.044576  0.000000  0.000000
eta_p        0.000000  0.000000  0.000000  0.000000  0.000000  0.015427  0.000000
eta_w        0.000000  0.000000  0.000000  0.000000  0.000000  0.000000  0.142678

POLICY AND TRANSITION FUNCTIONS
                                  mc            zcap              rk               k               q               c            inve               y             lab            pinf               w               r              kp           eps_a           eps_b           eps_g           eps_i           eps_r           eps_p           eps_w          labobs            robs         pinfobs              dy              dc           dinve              dw
Constant                           0               0               0               0               0               0               0               0               0               0               0               0               0               0               0               0               0               0               0               0       -0.224885        1.154180        0.707015        0.406311        0.406311        0.406311        0.406311
y(-1)                       0.074650        0.039566        0.145093        0.039566        0.531179        0.156442        0.330040        0.176124        0.128162        0.017871        0.056496       -0.138219        0.009533               0               0               0               0               0               0               0        0.128162       -0.138219        0.017871       -0.823876        0.156442        0.330040        0.056496
r(-1)                      -0.359673       -0.190632       -0.699073       -0.190632       -2.559272       -0.753753       -1.590165       -0.848582       -0.617499       -0.086105       -0.272205        0.665952       -0.045931               0               0               0               0               0               0               0       -0.617499        0.665952       -0.086105       -0.848582       -0.753753       -1.590165       -0.272205
kp(-1)                     -0.160714       -0.258314       -0.947272        0.741686       -0.112868        0.028338       -0.121430       -0.071840       -0.247579       -0.009124        0.041992       -0.015387        0.967608               0               0               0               0               0               0               0       -0.247579       -0.015387       -0.009124       -0.071840        0.028338       -0.121430        0.041992
eps_a(-1)                  -1.067222       -0.243068       -0.891363       -0.243068       -0.130201       -0.106898        0.066903       -0.107603       -1.228768       -0.078244        0.094337       -0.040489        0.001932        0.959583               0               0               0               0               0               0       -1.228768       -0.040489       -0.078244       -0.107603       -0.106898        0.066903        0.094337
eps_b(-1)                   0.303660        0.188945        0.692886        0.188945        4.249513        1.045613        1.149309        0.925654        0.678480        0.022205        0.203351        0.175124        0.033197               0        0.374359               0               0               0               0               0        0.678480        0.175124        0.022205        0.925654        1.045613        1.149309        0.203351
eps_g(-1)                   0.009552        0.114157        0.418630        0.114157       -0.569917       -0.130482       -0.379178        0.837703        0.628661       -0.026377       -0.095874        0.147206       -0.010952               0               0        0.972235               0               0               0               0        0.628661        0.147206       -0.026377        0.837703       -0.130482       -0.379178       -0.095874
eps_i(-1)                   0.029484        0.087070        0.319297        0.087070       -1.933354       -0.134754        3.002557        0.603391        0.451572        0.023435       -0.045205        0.116330        0.189861               0               0               0        0.786553               0               0               0        0.451572        0.116330        0.023435        0.603391       -0.134754        3.002557       -0.045205
eps_r(-1)                  -0.039334       -0.020771       -0.076170       -0.020771       -0.274369       -0.081319       -0.174409       -0.092229       -0.067100       -0.009516       -0.029841        0.064840       -0.005038               0               0               0               0        0.084062               0               0       -0.067100        0.064840       -0.009516       -0.092229       -0.081319       -0.174409       -0.029841
eps_p(-1)                  -7.293356       -1.762492       -6.463305       -1.762492       12.562892        0.465663       -6.106403       -1.492842       -0.718525        8.566888       -7.507272        1.805395       -0.176380               0               0               0               0               0        0.913678               0       -0.718525        1.805395        8.566888       -1.492842        0.465663       -6.106403       -7.507272
eps_w(-1)                   3.924870        0.897183        3.290095        0.897183        8.862073       -1.412822        4.759131        0.420117        0.098818        2.358194        4.088460        0.649356        0.137465               0               0               0               0               0               0        0.978872        0.098818        0.649356        2.358194        0.420117       -1.412822        4.759131        4.088460
eta_p(-1)                   6.611033        1.597603        5.858636        1.597603      -11.387582       -0.422098        5.535124        1.353180        0.651304       -7.765420        6.804936       -1.636493        0.159879               0               0               0               0               0       -0.828200               0        0.651304       -1.636493       -7.765420        1.353180       -0.422098        5.535124        6.804936
eta_w(-1)                  -3.653245       -0.835092       -3.062401       -0.835092       -8.248765        1.315047       -4.429771       -0.391043       -0.091980       -2.194993       -3.805514       -0.604417       -0.127952               0               0               0               0               0               0       -0.911128       -0.091980       -0.604417       -2.194993       -0.391043        1.315047       -4.429771       -3.805514
c(-1)                       0.056159        0.073504        0.269551        0.073504       -0.159194        0.754675       -0.047327        0.459322        0.341890        0.004485        0.001165        0.085313       -0.001367               0               0               0               0               0               0               0        0.341890        0.085313        0.004485        0.459322       -0.245325       -0.047327        0.001165
inve(-1)                    0.026028        0.032435        0.118943        0.032435       -0.138055        0.013996        0.835342        0.200686        0.149295        0.002396        0.002082        0.037381        0.024128               0               0               0               0               0               0               0        0.149295        0.037381        0.002396        0.200686        0.013996       -0.164658        0.002082
pinf(-1)                    0.287123        0.056424        0.206913        0.056424       -0.108913       -0.047376       -0.105217       -0.038083       -0.044458        0.208132        0.307795        0.043529       -0.003039               0               0               0               0               0               0               0       -0.044458        0.043529        0.208132       -0.038083       -0.047376       -0.105217        0.307795
w(-1)                       0.742359        0.163843        0.600835        0.163843        0.044313       -0.008772        0.007547        0.035734       -0.014153        0.017547        0.778831        0.010811        0.000218               0               0               0               0               0               0               0       -0.014153        0.010811        0.017547        0.035734       -0.008772        0.007547       -0.221169
eta_a                      -0.982195       -0.122419       -0.448929       -0.122419        0.426681        0.075462        0.404892        0.657767       -0.709437       -0.066712        0.138089       -0.189150        0.011695        1.000000               0        0.552502               0               0               0               0       -0.709437       -0.189150       -0.066712        0.657767        0.075462        0.404892        0.138089
eta_b                       0.811147        0.504715        1.850862        0.504715       11.351450        2.793077        3.070075        2.472640        1.812379        0.059314        0.543198        0.467797        0.088677               0        1.000000               0               0               0               0               0        1.812379        0.467797        0.059314        2.472640        2.793077        3.070075        0.543198
eta_g                       0.009824        0.117417        0.430586        0.117417       -0.586193       -0.134208       -0.390006        0.861627        0.646615       -0.027130       -0.098611        0.151410       -0.011265               0               0        1.000000               0               0               0               0        0.646615        0.151410       -0.027130        0.861627       -0.134208       -0.390006       -0.098611
eta_i                       0.037484        0.110698        0.405944        0.110698       -2.458008       -0.171322        3.817359        0.767134        0.574115        0.029794       -0.057473        0.147898        0.241383               0               0               0        1.000000               0               0               0        0.574115        0.147898        0.029794        0.767134       -0.171322        3.817359       -0.057473
eta_r                      -0.467918       -0.247092       -0.906120       -0.247092       -3.263907       -0.967374       -2.074775       -1.097160       -0.798225       -0.113199       -0.354987        0.771344       -0.059929               0               0               0               0        1.000000               0               0       -0.798225        0.771344       -0.113199       -1.097160       -0.967374       -2.074775       -0.354987
eta_p                      -1.782217       -0.445925       -1.635269       -0.445925        0.554338       -0.173937       -1.210728       -0.478664       -0.261107        1.923248       -1.820087        0.378990       -0.034971               0               0               0               0               0        1.000000               0       -0.261107        0.378990        1.923248       -0.478664       -0.173937       -1.210728       -1.820087
eta_w                       1.657730        0.368059        1.349722        0.368059        0.708936       -0.116196        0.350501        0.096141       -0.019327        0.199349        1.737108        0.066010        0.010124               0               0               0               0               0               0        1.000000       -0.019327        0.066010        0.199349        0.096141       -0.116196        0.350501        1.737108


MOMENTS OF SIMULATED VARIABLES
VARIABLE              MEAN       STD. DEV.        VARIANCE        SKEWNESS        KURTOSIS
mc               -0.054403        3.018137        9.109149       -0.071178       -0.212090
zcap              0.020128        1.152635        1.328566        0.036116       -0.093679
rk                0.073812        4.226873       17.866455        0.036116       -0.093679
k                 0.044889        5.714945       32.660600        0.081140        0.159932
q                 0.031456        3.532342       12.477437        0.011078       -0.040967
c                 0.259097        5.504284       30.297144        0.154895        0.019324
inve              0.073906       12.108551      146.617007        0.096380       -0.018800
y                 0.277141        5.940670       35.291564        0.036987       -0.077160
lab               0.240011        3.681683       13.554792        0.137808       -0.154343
pinf             -0.017483        0.527397        0.278147       -0.034775        0.057802
w                -0.121310        3.577666       12.799696        0.046544       -0.045994
r                -0.026310        0.606716        0.368104       -0.198780        0.169788
kp                0.025258        6.396183       40.911162        0.081034        0.105018
eps_a            -0.026925        1.522588        2.318275        0.211442       -0.004373
eps_b            -0.002308        0.222904        0.049686       -0.012276        0.014730
eps_g             0.100757        2.184859        4.773611       -0.001652       -0.036245
eps_i            -0.007036        0.578484        0.334644       -0.005160        0.181729
eps_r            -0.002678        0.210963        0.044505       -0.004587        0.009399
eps_p            -0.000292        0.127685        0.016304        0.048158       -0.014826
eps_w            -0.009341        0.397949        0.158363        0.001290       -0.029005
labobs            0.015126        3.681683       13.554792        0.137808       -0.154343
robs              1.127870        0.606716        0.368104       -0.198780        0.169788
pinfobs           0.689532        0.527397        0.278147       -0.034775        0.057802
dy                0.407079        0.945503        0.893976       -0.042638       -0.004978
dc                0.406851        0.721934        0.521189       -0.022484        0.045854
dinve             0.408244        2.174086        4.726651        0.048431        0.027572
dw                0.407071        0.732468        0.536510       -0.000727        0.013131


CORRELATION OF SIMULATED VARIABLES
VARIABLE         mc     zcap       rk        k        q        c     inve        y      lab     pinf        w        r       kp    eps_a    eps_b    eps_g    eps_i    eps_r    eps_p    eps_w   labobs     robs  pinfobs       dy       dc    dinve       dw
mc           1.0000   0.2943   0.2943   0.3764   0.0319   0.0408   0.3199   0.1016   0.1374   0.4225   0.8077   0.4177   0.2937  -0.3059   0.0930  -0.2140   0.0915  -0.0297  -0.1546   0.3988   0.1374   0.4177   0.4225  -0.0797  -0.0485  -0.0637   0.1200
zcap         0.2943   1.0000   1.0000  -0.5252   0.1809  -0.1546   0.1751   0.0909   0.3774   0.0960  -0.0459   0.2302  -0.6201  -0.1002   0.1532   0.1394   0.0841  -0.0483  -0.1033   0.1902   0.3774   0.2302   0.0960   0.2449   0.1846   0.2870   0.1904
rk           0.2943   1.0000   1.0000  -0.5252   0.1809  -0.1546   0.1751   0.0909   0.3774   0.0960  -0.0459   0.2302  -0.6201  -0.1002   0.1532   0.1394   0.0841  -0.0483  -0.1033   0.1902   0.3774   0.2302   0.0960   0.2449   0.1846   0.2870   0.1904
k            0.3764  -0.5252  -0.5252   1.0000  -0.1711   0.6864   0.5653   0.6357   0.3365  -0.0830   0.6306  -0.0515   0.9924   0.1332   0.0193   0.0670   0.1570  -0.0159  -0.0645  -0.0239   0.3365  -0.0515  -0.0830  -0.1716  -0.0885  -0.2368   0.0012
q            0.0319   0.1809   0.1809  -0.1711   1.0000   0.1106  -0.2971  -0.0834  -0.0760   0.0036   0.0187  -0.2982  -0.2031   0.0745   0.6953  -0.0528  -0.5660  -0.2163   0.0183   0.0518  -0.0760  -0.2982   0.0036   0.3459   0.6246   0.1030   0.1887
c            0.0408  -0.1546  -0.1546   0.6864   0.1106   1.0000   0.6045   0.8480   0.7173  -0.4299   0.1758  -0.3792   0.6560   0.1596   0.1660   0.0758   0.0202  -0.0535  -0.0644  -0.2415   0.7173  -0.3792  -0.4299  -0.0084   0.0656  -0.0683   0.0798
inve         0.3199   0.1751   0.1751   0.5653  -0.2971   0.6045   1.0000   0.8100   0.6755  -0.1136   0.4149   0.1637   0.5210   0.2406   0.0890   0.0437   0.5389  -0.0462  -0.0976  -0.0362   0.6755   0.1637  -0.1136   0.1080   0.1618   0.0903   0.1408
y            0.1016   0.0909   0.0909   0.6357  -0.0834   0.8480   0.8100   1.0000   0.8365  -0.3621   0.2620  -0.1569   0.5831   0.3398   0.1286   0.4360   0.2632  -0.0553  -0.0912  -0.1444   0.8365  -0.1569  -0.3621   0.0795   0.1134   0.0141   0.1211
lab          0.1374   0.3774   0.3774   0.3365  -0.0760   0.7173   0.6755   0.8365   1.0000  -0.3201  -0.0456  -0.0147   0.2662  -0.1427   0.1647   0.3173   0.2755  -0.0506  -0.0873  -0.1660   1.0000  -0.0147  -0.3201   0.1182   0.1501   0.0811   0.1203
pinf         0.4225   0.0960   0.0960  -0.0830   0.0036  -0.4299  -0.1136  -0.3621  -0.3201   1.0000   0.3103   0.6163  -0.0941  -0.2031   0.0490  -0.2088   0.0778  -0.0437   0.5376   0.3657  -0.3201   0.6163   1.0000  -0.1383  -0.1410  -0.0948  -0.0938
w            0.8077  -0.0459  -0.0459   0.6306   0.0187   0.1758   0.4149   0.2620  -0.0456   0.3103   1.0000   0.2048   0.5787   0.2412   0.0423  -0.0549   0.0667  -0.0303  -0.1352   0.3574  -0.0456   0.2048   0.3103  -0.1064  -0.0777  -0.1226   0.1030
r            0.4177   0.2302   0.2302  -0.0515  -0.2982  -0.3792   0.1637  -0.1569  -0.0147   0.6163   0.2048   1.0000  -0.0714  -0.3144   0.2346  -0.0838   0.3912   0.2903   0.1167   0.2445  -0.0147   1.0000   0.6163  -0.0546  -0.0902  -0.0756  -0.0649
kp           0.2937  -0.6201  -0.6201   0.9924  -0.2031   0.6560   0.5210   0.5831   0.2662  -0.0941   0.5787  -0.0714   1.0000   0.1461  -0.0050   0.0363   0.1628  -0.0077  -0.0433  -0.0557   0.2662  -0.0714  -0.0941  -0.1818  -0.0999  -0.2431  -0.0242
eps_a       -0.3059  -0.1002  -0.1002   0.1332   0.0745   0.1596   0.2406   0.3398  -0.1427  -0.2031   0.2412  -0.3144   0.1461   1.0000  -0.0181   0.4011  -0.0089  -0.0253  -0.0050  -0.0145  -0.1427  -0.3144  -0.2031   0.0985   0.0559   0.0605   0.0629
eps_b        0.0930   0.1532   0.1532   0.0193   0.6953   0.1660   0.0890   0.1286   0.1647   0.0490   0.0423   0.2346  -0.0050  -0.0181   1.0000  -0.0292   0.0142  -0.0078  -0.0023  -0.0029   0.1647   0.2346   0.0490   0.5418   0.7642   0.3052   0.1589
eps_g       -0.2140   0.1394   0.1394   0.0670  -0.0528   0.0758   0.0437   0.4360   0.3173  -0.2088  -0.0549  -0.0838   0.0363   0.4011  -0.0292   1.0000   0.0149  -0.0069  -0.0184  -0.0079   0.3173  -0.0838  -0.2088   0.0656  -0.0119  -0.0054   0.0124
eps_i        0.0915   0.0841   0.0841   0.1570  -0.5660   0.0202   0.5389   0.2632   0.2755   0.0778   0.0667   0.3912   0.1628  -0.0089   0.0142   0.0149   1.0000   0.0078  -0.0091   0.0254   0.2755   0.3912   0.0778   0.3432   0.0292   0.6443   0.0384
eps_r       -0.0297  -0.0483  -0.0483  -0.0159  -0.2163  -0.0535  -0.0462  -0.0553  -0.0506  -0.0437  -0.0303   0.2903  -0.0077  -0.0253  -0.0078  -0.0069   0.0078   1.0000  -0.0005   0.0009  -0.0506   0.2903  -0.0437  -0.2597  -0.2972  -0.2082  -0.1120
eps_p       -0.1546  -0.1033  -0.1033  -0.0645   0.0183  -0.0644  -0.0976  -0.0912  -0.0873   0.5376  -0.1352   0.1167  -0.0433  -0.0050  -0.0023  -0.0184  -0.0091  -0.0005   1.0000  -0.0003  -0.0873   0.1167   0.5376  -0.0932  -0.0723  -0.0811  -0.3160
eps_w        0.3988   0.1902   0.1902  -0.0239   0.0518  -0.2415  -0.0362  -0.1444  -0.1660   0.3657   0.3574   0.2445  -0.0557  -0.0145  -0.0029  -0.0079   0.0254   0.0009  -0.0003   1.0000  -0.1660   0.2445   0.3657   0.0274  -0.0759   0.0454   0.7977
labobs       0.1374   0.3774   0.3774   0.3365  -0.0760   0.7173   0.6755   0.8365   1.0000  -0.3201  -0.0456  -0.0147   0.2662  -0.1427   0.1647   0.3173   0.2755  -0.0506  -0.0873  -0.1660   1.0000  -0.0147  -0.3201   0.1182   0.1501   0.0811   0.1203
robs         0.4177   0.2302   0.2302  -0.0515  -0.2982  -0.3792   0.1637  -0.1569  -0.0147   0.6163   0.2048   1.0000  -0.0714  -0.3144   0.2346  -0.0838   0.3912   0.2903   0.1167   0.2445  -0.0147   1.0000   0.6163  -0.0546  -0.0902  -0.0756  -0.0649
pinfobs      0.4225   0.0960   0.0960  -0.0830   0.0036  -0.4299  -0.1136  -0.3621  -0.3201   1.0000   0.3103   0.6163  -0.0941  -0.2031   0.0490  -0.2088   0.0778  -0.0437   0.5376   0.3657  -0.3201   0.6163   1.0000  -0.1383  -0.1410  -0.0948  -0.0938
dy          -0.0797   0.2449   0.2449  -0.1716   0.3459  -0.0084   0.1080   0.0795   0.1182  -0.1383  -0.1064  -0.0546  -0.1818   0.0985   0.5418   0.0656   0.3432  -0.2597  -0.0932   0.0274   0.1182  -0.0546  -0.1383   1.0000   0.6492   0.6880   0.2391
dc          -0.0485   0.1846   0.1846  -0.0885   0.6246   0.0656   0.1618   0.1134   0.1501  -0.1410  -0.0777  -0.0902  -0.0999   0.0559   0.7642  -0.0119   0.0292  -0.2972  -0.0723  -0.0759   0.1501  -0.0902  -0.1410   0.6492   1.0000   0.3780   0.2269
dinve       -0.0637   0.2870   0.2870  -0.2368   0.1030  -0.0683   0.0903   0.0141   0.0811  -0.0948  -0.1226  -0.0756  -0.2431   0.0605   0.3052  -0.0054   0.6443  -0.2082  -0.0811   0.0454   0.0811  -0.0756  -0.0948   0.6880   0.3780   1.0000   0.1797
dw           0.1200   0.1904   0.1904   0.0012   0.1887   0.0798   0.1408   0.1211   0.1203  -0.0938   0.1030  -0.0649  -0.0242   0.0629   0.1589   0.0124   0.0384  -0.1120  -0.3160   0.7977   0.1203  -0.0649  -0.0938   0.2391   0.2269   0.1797   1.0000


AUTOCORRELATION OF SIMULATED VARIABLES
VARIABLE         1       2       3       4       5
mc          0.9621  0.9242  0.8849  0.8463  0.8068
zcap        0.9793  0.9510  0.9185  0.8839  0.8476
rk          0.9793  0.9510  0.9185  0.8839  0.8476
k           0.9976  0.9922  0.9839  0.9730  0.9598
q           0.6001  0.4223  0.3335  0.2710  0.2327
c           0.9913  0.9763  0.9591  0.9409  0.9224
inve        0.9838  0.9476  0.8992  0.8440  0.7856
y           0.9872  0.9665  0.9416  0.9144  0.8858
lab         0.9805  0.9521  0.9197  0.8856  0.8509
pinf        0.8604  0.7858  0.7298  0.6808  0.6384
w           0.9789  0.9563  0.9315  0.9049  0.8763
r           0.9089  0.8119  0.7299  0.6601  0.5997
kp          0.9984  0.9939  0.9866  0.9767  0.9646
eps_a       0.9583  0.9186  0.8792  0.8411  0.8048
eps_b       0.3837  0.1506  0.0647  0.0171  0.0071
eps_g       0.9684  0.9382  0.9095  0.8820  0.8560
eps_i       0.7733  0.6001  0.4619  0.3608  0.2824
eps_r       0.0847 -0.0197 -0.0012 -0.0022 -0.0039
eps_p       0.1137  0.1015  0.0955  0.0864  0.0852
eps_w       0.1680  0.1733  0.1775  0.1866  0.1634
labobs      0.9805  0.9521  0.9197  0.8856  0.8509
robs        0.9089  0.8119  0.7299  0.6601  0.5997
pinfobs     0.8604  0.7858  0.7298  0.6808  0.6384
dy          0.3186  0.1635  0.0937  0.0527  0.0212
dc          0.3692  0.1329  0.0554  0.0201  0.0134
dinve       0.6218  0.3812  0.2081  0.1010  0.0261
dw          0.0390  0.0533  0.0421  0.0470  0.0077



VARIANCE DECOMPOSITION SIMULATING ONE SHOCK AT A TIME (in percent)
                      eta_a             eta_b             eta_g             eta_i             eta_r             eta_p             eta_w  Tot. lin. contr.
mc                    10.02              2.83              1.63              1.96              7.06             26.81             47.93             98.24
zcap                   5.34              4.97              7.61             39.78              8.86             20.18             15.09            101.82
rk                     5.34              4.97              7.61             39.78              8.86             20.18             15.09            101.82
k                      7.30              1.99              0.82             42.42              6.45             22.13             11.99             93.10
q                      0.74             48.49              1.35             39.72              7.57              0.57              1.17             99.61
c                      2.84              7.59              0.67              6.10              8.54             17.27             52.38             95.38
inve                   5.68              2.38              1.79             52.36              7.49             17.55              6.37             93.62
y                     12.39              5.29              7.36             15.58              8.49             17.75             24.74             91.59
lab                    3.04              6.52             13.95             14.78              9.29             16.09             28.36             92.03
pinf                   4.00              0.48              1.10              0.85              2.36             43.06             46.79             98.63
w                      8.80              1.80              4.08              9.92              5.73             24.31             41.92             96.57
r                      8.55             10.58              2.66             23.42             13.40              7.56             30.27             96.44
kp                     7.82              1.54              1.62             46.95              5.54             19.10             12.28             94.85
eps_a                100.01              0.00              0.00              0.00              0.00              0.00              0.00            100.01
eps_b                  0.00            100.01              0.00              0.00              0.00              0.00              0.00            100.01
eps_g                 21.39              0.00             83.91              0.00              0.00              0.00              0.00            105.30
eps_i                  0.00              0.00              0.00            100.01              0.00              0.00              0.00            100.01
eps_r                  0.00              0.00              0.00              0.00            100.01              0.00              0.00            100.01
eps_p                  0.00              0.00              0.00              0.00              0.00            100.01              0.00            100.01
eps_w                  0.00              0.00              0.00              0.00              0.00              0.00            100.01            100.01
labobs                 3.04              6.52             13.95             14.78              9.29             16.09             28.36             92.03
robs                   8.55             10.58              2.66             23.42             13.40              7.56             30.27             96.44
pinfobs                4.00              0.48              1.10              0.85              2.36             43.06             46.79             98.63
dy                     9.87             32.46             21.19             17.12             10.70              4.46              1.67             97.48
dc                     0.61             71.11              1.39              4.56             13.76              4.72              3.90            100.05
dinve                  1.78              9.44              1.52             72.66              7.61              4.26              1.19             98.46
dw                     1.22              2.56              0.98              1.40              2.15             10.49             80.12             98.91
Note: numbers do not add up to 100 due to non-zero correlation of simulated shocks in small samples

Total computing time : 0h01m55s
Note: 3 warning(s) encountered in the preprocessor
