Starting Dynare (version 4.5.4).
Starting preprocessing of the model file ...
Substitution of endo lags >= 2: added 7 auxiliary variables and equations.
Substitution of exo lags: added 2 auxiliary variables and equations.
Found 38 equation(s).
Evaluating expressions...done
Computing static model derivatives:
 - order 1
Computing dynamic model derivatives:
 - order 1
 - order 2
Processing outputs ...
done
Preprocessing completed.

You did not declare endogenous variables after the estimation/calib_smoother command.
Initial value of the log posterior (or likelihood): -381.089

                                Max     Line search  Directional  First-order 
 Iter F-count        f(x)   constraint   steplength   derivative   optimality Procedure 
    0     32      381.089     -0.06111                                         
    1     66      289.942     -0.08925         0.25         -424     1.17e+03   
    2    101      284.903     -0.07809        0.125         -135          758   
    3    135      259.534     -0.05857         0.25        -55.8          164   
    4    169      235.836     -0.04393         0.25        -39.3          271   
    5    204      226.105     -0.03844        0.125        -28.3          538   
    6    240      222.678     -0.03603       0.0625        -31.9          633   
    7    277      218.076     -0.03491       0.0313        -50.8          153   
    8    313      216.482     -0.03273       0.0625        -29.2          150   
    9    348      211.331     -0.03989        0.125        -21.8          164   
   10    383      205.597     -0.06631        0.125        -12.7          279   
   11    418      200.309     -0.05802        0.125        -16.1          422   
   12    453       193.81     -0.05114        0.125        -14.7         84.7   
   13    489      193.161     -0.04795       0.0625        -6.53         64.3   
   14    524      192.401     -0.04195        0.125        -6.75          104   
   15    560      191.309     -0.03933       0.0625        -4.97          118   
   16    596      189.933      -0.0645       0.0625        -9.07         83.3   
   17    632      188.503     -0.06047       0.0625        -7.84         53.8   
   18    668      187.656     -0.05669       0.0625        -8.97         20.6   
   19    704      187.067     -0.05315       0.0625        -4.68         33.9   
   20    741      186.998     -0.05149       0.0313         -4.8         30.6   
   21    778      186.906     -0.04988       0.0313        -2.61         22.5   
   22    814      186.738     -0.04676       0.0625        -2.87         9.79   
   23    850        186.6     -0.04543       0.0625        -2.39           15   
   24    886      186.596      -0.0431       0.0625        -2.55         18.6   
   25    924       186.53      -0.0429       0.0156        -2.29         19.2   
   26    961      186.483     -0.04156       0.0313        -1.58         21.5   
   27    999      186.472     -0.04426       0.0156        -2.15         20.4   
   28   1035      186.426      -0.0415       0.0625        -1.11         21.6   
   29   1072      186.339     -0.04408       0.0313        -1.13         19.1   
   30   1109       186.33     -0.04578       0.0313       -0.627         11.5   
   31   1146      186.322     -0.04586       0.0313       -0.602         6.04   
   32   1182      186.313     -0.04671       0.0625        -1.06         4.92   
   33   1218      186.302     -0.04379       0.0625       -0.584         6.26   
   34   1254      186.255     -0.04653       0.0625         -0.7         6.19   
   35   1291      186.218     -0.04599       0.0313        -1.02         7.23   
   36   1328      186.177     -0.04577       0.0313           -1         7.55   
   37   1365      186.176     -0.04715       0.0313       -0.682          7.5   
   38   1402       186.17     -0.04713       0.0313       -0.155         4.85   
   39   1439      186.169     -0.04699       0.0313       -0.198         2.74   
   40   1472      186.143     -0.04561          0.5       -0.376         1.85   
   41   1504       186.14     -0.04587            1       -0.315        0.536   
   42   1536       186.14     -0.04587            1      -0.0856        0.569   
   43   1568      186.139     -0.04587            1      -0.0552        0.314  Hessian modified  
   44   1600      186.139     -0.04586            1       -0.032       0.0393  Hessian modified  
   45   1632      186.139     -0.04586            1     -0.00397       0.0181  Hessian modified  
   46   1664      186.139     -0.04586            1     -0.00102      0.00854  Hessian modified  

<a href = "matlab: helpview([docroot '/toolbox/optim/msg_csh/optim_msg_csh.map'],'local_min_poss_with_constr','CSHelpWindow');">Local minimum possible. Constraints satisfied</a>.

fmincon stopped because the <a href = "matlab: helpview([docroot '/toolbox/optim/msg_csh/optim_msg_csh.map'],'pred_change','CSHelpWindow');">predicted change in the objective function</a>
is less than the selected value of the <a href = "matlab: helpview([docroot '/toolbox/optim/msg_csh/optim_msg_csh.map'],'function_tolerance','CSHelpWindow');">function tolerance</a> and constraints 
are satisfied to within the default value of the <a href = "matlab: helpview([docroot '/toolbox/optim/msg_csh/optim_msg_csh.map'],'constraint_tolerance','CSHelpWindow');">constraint tolerance</a>.

<<a href = "matlab: createExitMsg('nlconst',5.000000e+00,true,true,'fmincon',6.279663e-09,'selected',1.000000e-08,-4.586184e-02,'default',1.000000e-06,0.000000e+00,'',0.000000e+00);">stopping criteria details</a>>

No active inequalities.

Final value of minus the log posterior (or likelihood):186.139458 

RESULTS FROM POSTERIOR ESTIMATION
parameters
         prior mean     mode    s.d. prior pstdev

phi          4.000   3.4701  1.2148 norm  1.5000 
sigma_c      1.500   1.0040  0.1800 norm  0.3750 
lambda       0.700   0.7993  0.0745 beta  0.1000 
xi_w         0.750   0.7705  0.0462 beta  0.0500 
sigma_l      2.000   1.9364  0.5005 norm  0.5000 
xi_p         0.750   0.7204  0.0416 beta  0.0500 
psi          0.500   0.4958  0.1483 beta  0.1500 
phi_p        1.250   1.3132  0.0863 norm  0.1250 
r_pi         1.500   1.4881  0.2343 norm  0.2500 
rho          0.750   0.8677  0.0377 beta  0.1000 
r_y          0.125   0.0849  0.0403 norm  0.0500 
r_dy         0.125   0.0469  0.0214 norm  0.0500 
pi_bar       0.625   0.6027  0.0589 gamm  0.1000 
beta_const   0.250   0.2539  0.1034 gamm  0.1000 
l_bar        0.000   1.6858  1.1992 norm  2.0000 
gamma_bar    0.400   0.4217  0.0168 norm  0.1000 
alpha        0.300   0.1757  0.0290 norm  0.0500 
rho_a        0.500   0.7778  0.0776 beta  0.2000 
rho_b        0.500   0.1909  0.1099 beta  0.2000 
rho_g        0.500   0.9025  0.0503 beta  0.2000 
rho_i        0.500   0.1690  0.1036 beta  0.2000 
rho_r        0.500   0.5308  0.1065 beta  0.2000 
rho_p        0.500   0.1285  0.0813 beta  0.2000 
rho_w        0.500   0.3694  0.1086 beta  0.2000 

standard deviation of shocks
         prior mean     mode    s.d. prior pstdev

eta_a        0.100   0.2894  0.0280 invg  2.0000 
eta_b        0.100   0.5850  0.0600 invg  2.0000 
eta_g        0.100   0.3604  0.0339 invg  2.0000 
eta_i        0.100   1.7994  0.1698 invg  2.0000 
eta_r        0.100   0.0800  0.0075 invg  2.0000 
eta_p        0.100   0.1638  0.0153 invg  2.0000 
eta_w        0.100   0.5659  0.0517 invg  2.0000 


Log data density [Laplace approximation] is -239.605207.


MODEL SUMMARY

  Number of variables:         38
  Number of stochastic shocks: 7
  Number of state variables:   27
  Number of jumpers:           0
  Number of static variables:  11


MATRIX OF COVARIANCE OF EXOGENOUS SHOCKS
Variables       eta_a     eta_b     eta_g     eta_i     eta_r     eta_p     eta_w
eta_a        0.083731  0.000000  0.000000  0.000000  0.000000  0.000000  0.000000
eta_b        0.000000  0.342270  0.000000  0.000000  0.000000  0.000000  0.000000
eta_g        0.000000  0.000000  0.129869  0.000000  0.000000  0.000000  0.000000
eta_i        0.000000  0.000000  0.000000  3.237683  0.000000  0.000000  0.000000
eta_r        0.000000  0.000000  0.000000  0.000000  0.006393  0.000000  0.000000
eta_p        0.000000  0.000000  0.000000  0.000000  0.000000  0.026815  0.000000
eta_w        0.000000  0.000000  0.000000  0.000000  0.000000  0.000000  0.320198

POLICY AND TRANSITION FUNCTIONS
                              labobs            robs         pinfobs              dy              dc           dinve              dw              mc            zcap              rk             k_s               q               c               i               y               l            pinf               w               r       outputGap           eps_a           eps_b           eps_g           eps_i           eps_r           eps_p           eps_w               k              dx
Constant                    1.685818        1.285177        0.602743        0.421673        0.421673        0.421673        0.421673               0               0               0               0               0               0               0               0               0               0               0               0               0               0               0               0               0               0               0               0               0               0
rk(-1)                      0.000957        0.000067        0.000002        0.001148       -0.000006        0.006603        0.000009        0.000092        0.000487        0.000479        0.000487        0.046153       -0.000006        0.006603        0.001148        0.000957        0.000002        0.000009        0.000067        0.001148               0               0               0               0               0               0               0        0.000192        0.001148
q(-1)                       0.007218        0.000507        0.000018        0.008661       -0.000044        0.049804        0.000070        0.000692        0.003675        0.003613        0.003675        0.348128       -0.000044        0.049804        0.008661        0.007218        0.000018        0.000070        0.000507        0.008661               0               0               0               0               0               0               0        0.001449        0.008661
c(-1)                       0.644406        0.045339        0.001831        0.774228        0.088722       -0.006486        0.014432        0.069287        0.332214        0.326624        0.332214       -0.045339        1.088722       -0.006486        0.774228        0.644406        0.001831        0.014432        0.045339        0.774228               0               0               0               0               0               0               0       -0.000189        0.774228
i(-1)                       0.235040        0.016503        0.000596        0.282042       -0.001430        0.621841        0.002267        0.022540        0.119660        0.117647        0.119660       -0.016503       -0.001430        1.621841        0.282042        0.235040        0.000596        0.002267        0.016503        0.282042               0               0               0               0               0               0               0        0.047186        0.282042
y(-1)                       0.004095       -0.046573        0.000014       -0.995069        0.005278        0.006663        0.000186        0.000527        0.002159        0.002122        0.002159        0.046573        0.005278        0.006663        0.004931        0.004095        0.000014        0.000186       -0.046573        0.004931               0               0               0               0               0               0               0        0.000194        0.004931
l(-1)                      -0.001580       -0.000112       -0.000006       -0.001905       -0.002672        0.000016       -0.000090       -0.000219       -0.000842       -0.000828       -0.000842        0.000112       -0.002672        0.000016       -0.001905       -0.001580       -0.000006       -0.000090       -0.000112       -0.001905               0               0               0               0               0               0               0               0       -0.001905
pinf(-1)                    0.038451        0.110259        0.546335        0.046301        0.049559        0.062567        0.001750        0.004944        0.020271        0.019930        0.020271        0.437341        0.049559        0.062567        0.046301        0.038451        0.546335        0.001750        0.110259        0.046301               0               0               0               0               0               0               0        0.001820        0.046301
w(-1)                      -0.027530        0.010305        0.025555        0.090777       -0.001217       -0.001474        0.063839        0.967185        0.522551        0.513758        0.522551       -0.010305       -0.001217       -0.001474        0.090777       -0.027530        0.025555        1.063839        0.010305        0.090777               0               0               0               0               0               0               0       -0.000043        0.090777
r(-1)                      -0.075817        0.862338       -0.000258       -0.091295       -0.097718       -0.123368       -0.003451       -0.009749       -0.039970       -0.039298       -0.039970       -0.862338       -0.097718       -0.123368       -0.091295       -0.075817       -0.000258       -0.003451        0.862338       -0.091295               0               0               0               0               0               0               0       -0.003589       -0.091295
outputGap(-1)                      0               0               0               0               0               0               0               0               0               0               0               0               0               0               0               0               0               0               0               0               0               0               0               0               0               0               0               0       -1.000000
eps_a(-1)                  -0.920392       -0.007013       -0.022643       -0.081897       -0.000921        0.001003        0.001052       -0.856978       -0.463570       -0.455770       -0.463570        0.007013       -0.000921        0.001003       -0.081897       -0.920392       -0.022643        0.001052       -0.007013       -1.103292        0.777762               0               0               0               0               0               0        0.000029       -1.103292
eps_b(-1)                   0.147424        0.010412        0.000501        0.177520        0.190010        0.239885        0.006710        0.018957        0.077721        0.076413        0.077721        1.676785        0.190010        0.239885        0.177520        0.147424        0.000501        0.006710        0.010412        0.177520               0        0.190913               0               0               0               0               0        0.006979        0.177520
eps_g(-1)                   0.808610        0.056774        0.002049        0.970312       -0.004918       -0.008122        0.007798        0.077544        0.411668        0.404740        0.411668       -0.056774       -0.004918       -0.008122        0.970312        0.808610        0.002049        0.007798        0.056774        0.970312               0               0        0.902529               0               0               0               0       -0.000236        0.970312
eps_i(-1)                   0.024459        0.001717        0.000062        0.029350       -0.000149        0.168773        0.000236        0.002346        0.012452        0.012243        0.012452       -0.001717       -0.000149        0.168773        0.029350        0.024459        0.000062        0.000236        0.001717        0.029350               0               0               0        0.169019               0               0               0        0.022119        0.029350
eps_r(-1)                  -0.046380        0.527521       -0.000158       -0.055848       -0.059777       -0.075468       -0.002111       -0.005964       -0.024451       -0.024040       -0.024451       -0.527521       -0.059777       -0.075468       -0.055848       -0.046380       -0.000158       -0.002111        0.527521       -0.055848               0               0               0               0        0.530796               0               0       -0.002196       -0.055848
eps_p(-1)                  -0.000576        0.024539        0.127007       -0.008056       -0.002778       -0.003511       -0.063305       -0.057746       -0.032211       -0.031669       -0.032211       -0.024539       -0.002778       -0.003511       -0.008056       -0.000576        0.127007       -0.063305        0.024539       -0.008056               0               0               0               0               0        0.128533               0       -0.000102       -0.008056
eps_w(-1)                  -0.009388        0.003514        0.008715        0.030957       -0.000415       -0.000503        0.362790        0.329829        0.178200        0.175202        0.178200       -0.003514       -0.000415       -0.000503        0.030957       -0.009388        0.008715        0.362790        0.003514        0.030957               0               0               0               0               0               0        0.369356       -0.000015        0.030957
k(-1)                      -0.182442       -0.006604       -0.002737       -0.104401        0.000408        0.000945       -0.000647       -0.103591       -0.596564       -0.586525        0.403436        0.006604        0.000408        0.000945       -0.104401       -0.182442       -0.002737       -0.000647       -0.006604       -0.104401               0               0               0               0               0               0               0        0.970933       -0.104401
i(-2)                      -0.122847       -0.008625       -0.000311       -0.147414        0.000747       -0.847681       -0.001185       -0.011781       -0.062542       -0.061490       -0.062542        0.008625        0.000747       -0.847681       -0.147414       -0.122847       -0.000311       -0.001185       -0.008625       -0.147414               0               0               0               0               0               0               0       -0.024662       -0.147414
q(-2)                       0.005133        0.000360        0.000013        0.006159       -0.000031        0.035416        0.000049        0.000492        0.002613        0.002569        0.002613        0.247558       -0.000031        0.035416        0.006159        0.005133        0.000013        0.000049        0.000360        0.006159               0               0               0               0               0               0               0        0.001030        0.006159
rk(-2)                     -0.000433       -0.000030       -0.000001       -0.000520        0.000003       -0.002990       -0.000004       -0.000042       -0.000221       -0.000217       -0.000221       -0.020900        0.000003       -0.002990       -0.000520       -0.000433       -0.000001       -0.000004       -0.000030       -0.000520               0               0               0               0               0               0               0       -0.000087       -0.000520
pinf(-2)                   -0.003665       -0.010510       -0.052079       -0.004414       -0.004724       -0.005964       -0.000167       -0.000471       -0.001932       -0.001900       -0.001932       -0.041690       -0.004724       -0.005964       -0.004414       -0.003665       -0.052079       -0.000167       -0.010510       -0.004414               0               0               0               0               0               0               0       -0.000174       -0.004414
c(-2)                      -0.068243       -0.004828       -0.000250       -0.082263       -0.115396        0.000691       -0.003866       -0.009468       -0.036361       -0.035749       -0.036361        0.004828       -0.115396        0.000691       -0.082263       -0.068243       -0.000250       -0.003866       -0.004828       -0.082263               0               0               0               0               0               0               0        0.000020       -0.082263
l(-2)                       0.000869        0.000061        0.000003        0.001048        0.001470       -0.000009        0.000049        0.000121        0.000463        0.000455        0.000463       -0.000061        0.001470       -0.000009        0.001048        0.000869        0.000003        0.000049        0.000061        0.001048               0               0               0               0               0               0               0               0        0.001048
w(-2)                       0.003960       -0.001482       -0.003676       -0.013058        0.000175        0.000212       -0.153031       -0.139128       -0.075168       -0.073903       -0.075168        0.001482        0.000175        0.000212       -0.013058        0.003960       -0.003676       -0.153031       -0.001482       -0.013058               0               0               0               0               0               0               0        0.000006       -0.013058
eta_a                      -1.176471       -0.087655       -0.029090       -0.096974        0.007727        0.012540        0.001667       -1.100962       -0.592387       -0.582418       -0.592387        0.087655        0.007727        0.012540       -0.096974       -1.176471       -0.029090        0.001667       -0.087655       -1.410223        1.000000               0               0               0               0               0               0        0.000365       -1.410223
eta_b                       0.772202        0.054536        0.002624        0.929846        0.995267        1.256512        0.035145        0.099297        0.407099        0.400248        0.407099        8.782968        0.995267        1.256512        0.929846        0.772202        0.002624        0.035145        0.054536        0.929846               0        1.000000               0               0               0               0               0        0.036557        0.929846
eta_g                       0.895938        0.062905        0.002270        1.075104       -0.005449       -0.008999        0.008640        0.085919        0.456127        0.448451        0.456127       -0.062905       -0.005449       -0.008999        1.075104        0.895938        0.002270        0.008640        0.062905        1.075104               0               0        1.000000               0               0               0               0       -0.000262        1.075104
eta_i                       0.144711        0.010160        0.000367        0.173650       -0.000880        0.998546        0.001396        0.013878        0.073673        0.072433        0.073673       -0.010160       -0.000880        0.998546        0.173650        0.144711        0.000367        0.001396        0.010160        0.173650               0               0               0        1.000000               0               0               0        0.130865        0.173650
eta_r                      -0.087378        0.993829       -0.000297       -0.105216       -0.112619       -0.142179       -0.003977       -0.011236       -0.046065       -0.045290       -0.046065       -0.993829       -0.112619       -0.142179       -0.105216       -0.087378       -0.000297       -0.003977        0.993829       -0.105216               0               0               0               0        1.000000               0               0       -0.004137       -0.105216
eta_p                      -0.004479        0.190913        0.988129       -0.062676       -0.021611       -0.027313       -0.492521       -0.449274       -0.250609       -0.246391       -0.250609       -0.190913       -0.021611       -0.027313       -0.062676       -0.004479        0.988129       -0.492521        0.190913       -0.062676               0               0               0               0               0        1.000000               0       -0.000795       -0.062676
eta_w                      -0.025418        0.009515        0.023594        0.083813       -0.001124       -0.001361        0.982223        0.892984        0.482462        0.474343        0.482462       -0.009515       -0.001124       -0.001361        0.083813       -0.025418        0.023594        0.982223        0.009515        0.083813               0               0               0               0               0               0        1.000000       -0.000040        0.083813


THEORETICAL MOMENTS
VARIABLE          MEAN  STD. DEV.   VARIANCE
labobs          1.6858     2.6352     6.9443
robs            1.2852     0.4318     0.1865
pinfobs         0.6027     0.2287     0.0523
dy              0.4217     1.0868     1.1811
dc              0.4217     0.6136     0.3765
dinve           0.4217     4.6870    21.9684
dw              0.4217     0.6427     0.4130
mc              0.0000     2.1513     4.6282
zcap            0.0000     1.9871     3.9488
rk              0.0000     1.9537     3.8170
k_s             0.0000     2.3575     5.5580
q               0.0000     6.6568    44.3132
c               0.0000     3.1681    10.0369
i               0.0000    10.1272   102.5596
y               0.0000     3.1961    10.2154
l               0.0000     2.6352     6.9443
pinf            0.0000     0.2287     0.0523
w               0.0000     2.2718     5.1610
r               0.0000     0.4318     0.1865
outputGap       0.0000     3.2575    10.6116
eps_a           0.0000     0.4604     0.2119
eps_b           0.0000     0.5960     0.3552
eps_g           0.0000     0.8369     0.7003
eps_i           0.0000     1.8256     3.3329
eps_r           0.0000     0.0943     0.0089
eps_p           0.0000     0.1651     0.0273
eps_w           0.0000     0.6089     0.3708
k               0.0000     2.3882     5.7037
dx              0.0000     1.1701     1.3690



VARIANCE DECOMPOSITION (in percent)
              eta_a   eta_b   eta_g   eta_i   eta_r   eta_p   eta_w
labobs         4.03   64.95    7.29   21.63    1.65    0.10    0.35
robs           1.95   28.07    2.45    4.55   46.28    8.01    8.69
pinfobs        1.03    0.87    0.05    0.25    0.03   77.86   19.91
dy             0.09   44.61   13.44   41.43    0.13    0.02    0.27
dc             0.01   99.56    0.01    0.03    0.33    0.03    0.02
dinve          0.00   26.22    0.00   73.69    0.07    0.01    0.00
dw             0.00    0.26    0.01    0.04    0.00    1.74   97.95
mc             5.47    3.71    0.23    1.11    0.12    1.10   88.26
zcap           1.79   18.93    3.75   45.20    0.33    0.47   29.53
rk             1.79   18.93    3.75   45.20    0.33    0.47   29.53
k_s            1.27   51.02    2.50   22.30    1.58    0.48   20.85
q              0.02   98.79    0.04    0.04    0.97    0.08    0.06
c              0.09   95.83    0.21    0.04    3.15    0.19    0.48
i              0.00   32.10    0.01   67.61    0.24    0.02    0.01
y              0.05   70.02    7.18   20.31    1.85    0.14    0.46
l              4.03   64.95    7.29   21.63    1.65    0.10    0.35
pinf           1.03    0.87    0.05    0.25    0.03   77.86   19.91
w              0.00    2.67    0.05    0.03    0.10    1.17   95.99
r              1.95   28.07    2.45    4.55   46.28    8.01    8.69
outputGap      3.79   67.41    6.91   19.55    1.78    0.14    0.44
eps_a        100.00    0.00    0.00    0.00    0.00    0.00    0.00
eps_b          0.00  100.00    0.00    0.00    0.00    0.00    0.00
eps_g          0.00    0.00  100.00    0.00    0.00    0.00    0.00
eps_i          0.00    0.00    0.00  100.00    0.00    0.00    0.00
eps_r          0.00    0.00    0.00    0.00  100.00    0.00    0.00
eps_p          0.00    0.00    0.00    0.00    0.00  100.00    0.00
eps_w          0.00    0.00    0.00    0.00    0.00    0.00  100.00
k              0.02   20.67    0.03   78.53    0.65    0.04    0.05
dx            13.80   38.49   11.60   35.75    0.11    0.02    0.24



MATRIX OF CORRELATIONS
Variables       labobs       robs    pinfobs         dy         dc      dinve         dw         mc       zcap         rk        k_s          q          c          i          y          l       pinf          w          r  outputGap      eps_a      eps_b      eps_g      eps_i      eps_r      eps_p      eps_w          k         dx
labobs          1.0000     0.5083     0.0949     0.1964     0.1251     0.1828     0.0361     0.2118     0.5999     0.5999     0.7018     0.4777     0.7488     0.6831     0.9742     1.0000     0.0949     0.0842     0.5083     0.9929    -0.1997     0.2286     0.2686     0.1299    -0.0143    -0.0001    -0.0094     0.2824     0.2069
robs            0.5083     1.0000     0.3246     0.0004    -0.0236     0.0179    -0.0510     0.3396     0.3979     0.3979     0.5138     0.1458     0.4420     0.2829     0.5170     0.5083     0.3246     0.2857     1.0000     0.5309    -0.1278     0.1004     0.1536     0.0572     0.3983     0.0883     0.0303     0.2104     0.0060
pinfobs         0.0949     0.3246     1.0000    -0.0106    -0.0115     0.0012    -0.1082     0.4046     0.2855     0.2855     0.2442     0.0216     0.0822     0.0349     0.1081     0.0949     1.0000     0.3889     0.3246     0.1239    -0.0958     0.0101     0.0208     0.0037    -0.0008     0.7652     0.1242     0.0080    -0.0087
dy              0.1964     0.0004    -0.0106     1.0000     0.5681     0.8400     0.0817     0.0310     0.2765     0.2765    -0.0254     0.5020     0.0430     0.1792     0.1700     0.1964    -0.0106    -0.0164     0.0004     0.1678    -0.0052     0.5408     0.0764     0.3187    -0.0198    -0.0091     0.0471    -0.2008     0.9388
dc              0.1251    -0.0236    -0.0115     0.5681     1.0000     0.2193     0.0395    -0.0025     0.1126     0.1126     0.0258     0.8372     0.0968     0.0874     0.1176     0.1251    -0.0115    -0.0215    -0.0236     0.1139     0.0081     0.9811    -0.0100    -0.0038    -0.0329    -0.0048    -0.0015    -0.0557     0.5274
dinve           0.1828     0.0179     0.0012     0.8400     0.2193     1.0000     0.0191     0.0308     0.2934     0.2934    -0.0561     0.2242     0.0059     0.2314     0.1540     0.1828     0.0012    -0.0180     0.0179     0.1507     0.0019     0.1937    -0.0015     0.4309    -0.0088    -0.0009    -0.0000    -0.2287     0.7802
dw              0.0361    -0.0510    -0.1082     0.0817     0.0395     0.0191     1.0000     0.1399     0.1069     0.1069     0.0880     0.0516     0.0224     0.0383     0.0474     0.0361    -0.1082     0.1414    -0.0510     0.0463     0.0014     0.0367     0.0059     0.0053    -0.0016    -0.1274     0.9346     0.0031     0.0758
mc              0.2118     0.3396     0.4046     0.0310    -0.0025     0.0308     0.1399     1.0000     0.6977     0.6977     0.5870     0.0697     0.1754     0.0820     0.2447     0.2118     0.4046     0.9635     0.3396     0.2835    -0.2338     0.0364     0.0459     0.0135    -0.0024    -0.0398     0.4025     0.0102     0.0561
zcap            0.5999     0.3979     0.2855     0.2765     0.1126     0.2934     0.1069     0.6977     1.0000     1.0000     0.4059     0.3034     0.3302     0.3983     0.5792     0.5999     0.2855     0.5854     0.3979     0.5931    -0.1335     0.1583     0.1934     0.0747    -0.0094    -0.0239     0.2354    -0.3639     0.2732
rk              0.5999     0.3979     0.2855     0.2765     0.1126     0.2934     0.1069     0.6977     1.0000     1.0000     0.4059     0.3034     0.3302     0.3983     0.5792     0.5999     0.2855     0.5854     0.3979     0.5931    -0.1335     0.1583     0.1934     0.0747    -0.0094    -0.0239     0.2354    -0.3639     0.2732
k_s             0.7018     0.5138     0.2442    -0.0254     0.0258    -0.0561     0.0880     0.5870     0.4059     0.4059     1.0000     0.3086     0.7009     0.4549     0.7756     0.7018     0.2442     0.5727     0.5138     0.7816    -0.1109     0.1367     0.1566     0.0850    -0.0091    -0.0202     0.1984     0.6933    -0.0096
q               0.4777     0.1458     0.0216     0.5020     0.8372     0.2242     0.0516     0.0697     0.3034     0.3034     0.3086     1.0000     0.4498     0.3099     0.4809     0.4777     0.0216     0.0270     0.1458     0.4699     0.0105     0.8493    -0.0171    -0.0038    -0.0348    -0.0041    -0.0002     0.0885     0.4662
c               0.7488     0.4420     0.0822     0.0430     0.0968     0.0059     0.0224     0.1754     0.3302     0.3302     0.7009     0.4498     1.0000     0.2059     0.7890     0.7488     0.0822     0.1428     0.4420     0.7728     0.0070     0.2349    -0.0199    -0.0009    -0.0136    -0.0011    -0.0005     0.4304     0.0407
i               0.6831     0.2829     0.0349     0.1792     0.0874     0.2314     0.0383     0.0820     0.3983     0.3983     0.4549     0.3099     0.2059     1.0000     0.6878     0.6831     0.0349     0.0222     0.2829     0.6741     0.0039     0.1108    -0.0071     0.2400    -0.0087    -0.0005    -0.0000     0.2562     0.1669
y               0.9742     0.5170     0.1081     0.1700     0.1176     0.1540     0.0474     0.2447     0.5792     0.5792     0.7756     0.4809     0.7890     0.6878     1.0000     0.9742     0.1081     0.1730     0.5170     0.9826    -0.0080     0.2273     0.2664     0.1304    -0.0143    -0.0036     0.0254     0.3705     0.1604
l               1.0000     0.5083     0.0949     0.1964     0.1251     0.1828     0.0361     0.2118     0.5999     0.5999     0.7018     0.4777     0.7488     0.6831     0.9742     1.0000     0.0949     0.0842     0.5083     0.9929    -0.1997     0.2286     0.2686     0.1299    -0.0143    -0.0001    -0.0094     0.2824     0.2069
pinf            0.0949     0.3246     1.0000    -0.0106    -0.0115     0.0012    -0.1082     0.4046     0.2855     0.2855     0.2442     0.0216     0.0822     0.0349     0.1081     0.0949     1.0000     0.3889     0.3246     0.1239    -0.0958     0.0101     0.0208     0.0037    -0.0008     0.7652     0.1242     0.0080    -0.0087
w               0.0842     0.2857     0.3889    -0.0164    -0.0215    -0.0180     0.1414     0.9635     0.5854     0.5854     0.5727     0.0270     0.1428     0.0222     0.1730     0.0842     0.3889     1.0000     0.2857     0.1694     0.0018     0.0128     0.0172     0.0018    -0.0010    -0.0413     0.4193     0.0789    -0.0150
r               0.5083     1.0000     0.3246     0.0004    -0.0236     0.0179    -0.0510     0.3396     0.3979     0.3979     0.5138     0.1458     0.4420     0.2829     0.5170     0.5083     0.3246     0.2857     1.0000     0.5309    -0.1278     0.1004     0.1536     0.0572     0.3983     0.0883     0.0303     0.2104     0.0060
outputGap       0.9929     0.5309     0.1239     0.1678     0.1139     0.1507     0.0463     0.2835     0.5931     0.5931     0.7816     0.4699     0.7728     0.6741     0.9826     0.9929     0.1239     0.1694     0.5309     1.0000    -0.1934     0.2230     0.2613     0.1279    -0.0141    -0.0035     0.0249     0.3631     0.1796
eps_a          -0.1997    -0.1278    -0.0958    -0.0052     0.0081     0.0019     0.0014    -0.2338    -0.1335    -0.1335    -0.1109     0.0105     0.0070     0.0039    -0.0080    -0.1997    -0.0958     0.0018    -0.1278    -0.1934     1.0000     0.0000     0.0000     0.0000     0.0000     0.0000     0.0000     0.0020    -0.1197
eps_b           0.2286     0.1004     0.0101     0.5408     0.9811     0.1937     0.0367     0.0364     0.1583     0.1583     0.1367     0.8493     0.2349     0.1108     0.2273     0.2286     0.0101     0.0128     0.1004     0.2230     0.0000     1.0000     0.0000     0.0000     0.0000     0.0000     0.0000     0.0168     0.5023
eps_g           0.2686     0.1536     0.0208     0.0764    -0.0100    -0.0015     0.0059     0.0459     0.1934     0.1934     0.1566    -0.0171    -0.0199    -0.0071     0.2664     0.2686     0.0208     0.0172     0.1536     0.2613     0.0000     0.0000     1.0000     0.0000     0.0000     0.0000     0.0000    -0.0071     0.0709
eps_i           0.1299     0.0572     0.0037     0.3187    -0.0038     0.4309     0.0053     0.0135     0.0747     0.0747     0.0850    -0.0038    -0.0009     0.2400     0.1304     0.1299     0.0037     0.0018     0.0572     0.1279     0.0000     0.0000     0.0000     1.0000     0.0000     0.0000     0.0000     0.1285     0.2960
eps_r          -0.0143     0.3983    -0.0008    -0.0198    -0.0329    -0.0088    -0.0016    -0.0024    -0.0094    -0.0094    -0.0091    -0.0348    -0.0136    -0.0087    -0.0143    -0.0143    -0.0008    -0.0010     0.3983    -0.0141     0.0000     0.0000     0.0000     0.0000     1.0000     0.0000     0.0000    -0.0022    -0.0184
eps_p          -0.0001     0.0883     0.7652    -0.0091    -0.0048    -0.0009    -0.1274    -0.0398    -0.0239    -0.0239    -0.0202    -0.0041    -0.0011    -0.0005    -0.0036    -0.0001     0.7652    -0.0413     0.0883    -0.0035     0.0000     0.0000     0.0000     0.0000     0.0000     1.0000     0.0000    -0.0001    -0.0085
eps_w          -0.0094     0.0303     0.1242     0.0471    -0.0015    -0.0000     0.9346     0.4025     0.2354     0.2354     0.1984    -0.0002    -0.0005    -0.0000     0.0254    -0.0094     0.1242     0.4193     0.0303     0.0249     0.0000     0.0000     0.0000     0.0000     0.0000     0.0000     1.0000    -0.0000     0.0438
k               0.2824     0.2104     0.0080    -0.2008    -0.0557    -0.2287     0.0031     0.0102    -0.3639    -0.3639     0.6933     0.0885     0.4304     0.2562     0.3705     0.2824     0.0080     0.0789     0.2104     0.3631     0.0020     0.0168    -0.0071     0.1285    -0.0022    -0.0001    -0.0000     1.0000    -0.1862
dx              0.2069     0.0060    -0.0087     0.9388     0.5274     0.7802     0.0758     0.0561     0.2732     0.2732    -0.0096     0.4662     0.0407     0.1669     0.1604     0.2069    -0.0087    -0.0150     0.0060     0.1796    -0.1197     0.5023     0.0709     0.2960    -0.0184    -0.0085     0.0438    -0.1862     1.0000



COEFFICIENTS OF AUTOCORRELATION
Order             1       2       3       4       5       6       7       8       9      10
labobs       0.9316  0.7973  0.6298  0.4638  0.3289  0.2442  0.2157  0.2361  0.2890  0.3533
robs         0.9604  0.8833  0.7909  0.6978  0.6134  0.5429  0.4879  0.4471  0.4170  0.3934
pinfobs      0.6741  0.4084  0.2637  0.1893  0.1489  0.1242  0.1071  0.0942  0.0836  0.0747
dy           0.5782  0.2924 -0.0014 -0.2521 -0.4142 -0.4637 -0.4055 -0.2679 -0.0933  0.0738
dc           0.2836  0.0447 -0.0135 -0.0255 -0.0267 -0.0250 -0.0226 -0.0203 -0.0187 -0.0179
dinve        0.7943  0.4093 -0.0214 -0.3878 -0.6149 -0.6712 -0.5689 -0.3544 -0.0927  0.1502
dw           0.4343  0.1044 -0.0308 -0.0767 -0.0874 -0.0853 -0.0790 -0.0716 -0.0643 -0.0574
mc           0.9497  0.8691  0.7823  0.6993  0.6238  0.5565  0.4972  0.4451  0.3992  0.3588
zcap         0.9501  0.8517  0.7286  0.6037  0.4965  0.4195  0.3775  0.3673  0.3797  0.4024
rk           0.9501  0.8517  0.7286  0.6037  0.4965  0.4195  0.3775  0.3673  0.3797  0.4024
k_s          0.9658  0.8973  0.8137  0.7292  0.6551  0.5982  0.5610  0.5417  0.5351  0.5343
q            0.6218  0.4781  0.3138  0.2174  0.1432  0.0944  0.0601  0.0368  0.0206  0.0090
c            0.9812  0.9519  0.9208  0.8902  0.8606  0.8320  0.8043  0.7775  0.7515  0.7261
i            0.8929  0.6157  0.2508 -0.1096 -0.3868 -0.5324 -0.5342 -0.4141 -0.2181 -0.0023
y            0.9422  0.8175  0.6591  0.5007  0.3716  0.2903  0.2626  0.2819  0.3321  0.3931
l            0.9316  0.7973  0.6298  0.4638  0.3289  0.2442  0.2157  0.2361  0.2890  0.3533
pinf         0.6741  0.4084  0.2637  0.1893  0.1489  0.1242  0.1071  0.0942  0.0836  0.0747
